"","grid.cell","pred_FCI","FCI.se","grade"
"1",21732,48.9303829386834,4.05613856210395,"C"
"2",21747,50.7338099918838,4.12008823653124,"C"
"3",21750,48.3961581386673,4.08963387496403,"C"
"4",21759,49.4600829828127,4.12352290127778,"C"
"5",21760,49.5360887714926,4.11636931074506,"C"
"6",21761,50.297329231785,4.1130004846419,"C"
"7",21762,50.7218151464085,4.11676457521793,"C"
"8",21765,47.8317600226796,4.14118888854505,"C"
"9",21774,50.0314327461909,4.11948437343998,"C"
"10",21775,49.5648574842531,4.11297292645519,"C"
"11",21776,50.2491114160161,4.10994027496791,"C"
"12",21777,50.6888902478528,4.1144635036748,"C"
"13",21780,47.3327722955311,4.2003086597457,"C"
"14",21789,50.504714113848,4.12882733334294,"C"
"15",21790,49.9635972376606,4.11258814657412,"C"
"16",21791,50.0579902849194,4.10764175617347,"C"
"17",21792,50.4109116878146,4.1065177785242,"C"
"18",21795,46.8847800739665,4.26382561226091,"C"
"19",21804,50.7394280829443,4.13725731155258,"C"
"20",21805,50.274093586708,4.11815074176156,"C"
"21",21806,50.0427393310644,4.10855706565106,"C"
"22",21807,50.1953665237674,4.10377574707454,"C"
"23",21810,47.4639200599902,4.18619913678436,"C"
"24",21811,49.3360290375301,4.09484066266498,"C"
"25",21812,47.8545316027463,4.14820486386945,"C"
"26",21821,50.7393237052436,4.13722427623744,"C"
"27",21822,50.3870047057645,4.1211304465758,"C"
"28",21823,50.0813557522571,4.11007357743116,"C"
"29",21824,50.0783356906316,4.10414178386505,"C"
"30",21827,48.4604442718136,4.10558300401984,"C"
"31",21828,49.6281181518471,4.09889853643234,"C"
"32",21829,48.5695659850827,4.1029736276661,"C"
"33",21830,49.7317616353938,4.10211975267961,"C"
"34",21831,49.8716537753455,4.10727438918911,"C"
"35",21832,48.0742300856632,4.13251351314994,"C"
"36",21833,48.6085920579712,4.10317744370021,"C"
"37",21842,50.5344882984037,4.12817854177654,"C"
"38",21843,50.3462813176749,4.1200242854488,"C"
"39",21844,50.0573203251733,4.11001953917735,"C"
"40",21845,49.9776820631656,4.10415158819491,"C"
"41",21848,49.3420541929349,4.08992721757816,"C"
"42",21849,49.9226853277358,4.10608571007579,"C"
"43",21850,49.2239534703276,4.08959685650681,"C"
"44",21851,50.0715664970155,4.11286282927538,"C"
"45",21852,49.1245902972056,4.09082738024438,"C"
"46",21853,49.8714132170618,4.10354156618021,"C"
"47",21854,49.9642664230566,4.10876536565934,"C"
"48",21855,50.1881210414905,4.11571463845841,"C"
"49",21856,48.2583393580342,4.12163048643343,"C"
"50",21857,48.6465638300395,4.10278498137729,"C"
"51",21858,49.0216817278777,4.09230448871533,"C"
"52",21867,50.362799153854,4.12216629636104,"C"
"53",21868,50.6276794879003,4.13165367230742,"C"
"54",21871,49.9173961392121,4.09977639903833,"C"
"55",21872,50.1946029340352,4.11275501752581,"C"
"56",21873,49.6810043871424,4.09308084063784,"C"
"57",21874,50.2703220857391,4.11894383726262,"C"
"58",21875,49.4780653298046,4.08934339415884,"C"
"59",21876,49.3010247345807,4.08840353822,"C"
"60",21877,48.414612506662,4.11349244343019,"C"
"61",21878,48.6967758911587,4.1011423944338,"C"
"62",21879,48.9734512342334,4.09279259858723,"C"
"63",21880,49.1945842381073,4.08889116071945,"C"
"64",21889,50.4881062262582,4.12690991837094,"C"
"65",21890,50.3668292764996,4.12569517092764,"C"
"66",21891,50.4420256902165,4.12625649808122,"C"
"67",21894,48.5360834093093,4.1066667558608,"C"
"68",21895,48.7462563819718,4.09787390140215,"C"
"69",21896,48.9825020402392,4.09082451327236,"C"
"70",21897,49.1503833928899,4.08895554224072,"C"
"71",21906,50.4267156148395,4.12722706759982,"C"
"72",21907,50.2693472994497,4.12542193300417,"C"
"73",21911,48.8027580087584,4.09290778133817,"C"
"74",21912,48.9888881966078,4.08836908650592,"C"
"75",21913,49.1100228365007,4.08936645518163,"C"
"76",21922,50.2953468956618,4.12630163174292,"C"
"77",21923,50.1741224399581,4.12763440279601,"C"
"78",21928,48.9947763421851,4.08793073293335,"C"
"79",21929,49.1050703888799,4.08894133261697,"C"
"80",21936,50.2134729969473,4.12816623018795,"C"
"81",21937,50.1650743501662,4.13150420608579,"C"
"82",21942,49.002168124952,4.08578880278792,"C"
"83",21943,49.117994289558,4.08713141469366,"C"
"84",21950,50.1957214541844,4.13196544016375,"C"
"85",21951,50.2094041414592,4.13635887954233,"C"
"86",21957,48.7706280302584,4.08298370779239,"C"
"87",21958,49.0368999179241,4.08320660747523,"C"
"88",21965,50.2359348548576,4.13683186362137,"C"
"89",21966,50.3192464379881,4.14228372630429,"C"
"90",21971,48.5881058488476,4.08482997197738,"C"
"91",21975,48.9702357521536,4.08038039836282,"C"
"92",21982,50.3044899572371,4.14191397174101,"C"
"93",21983,50.390714698896,4.14710130062995,"C"
"94",21985,46.7435149549864,4.27949040799654,"C"
"95",21986,47.7959763247893,4.14036282440676,"C"
"96",21987,48.604474182796,4.08182811187737,"C"
"97",21988,48.9933776117469,4.07749181481337,"C"
"98",21998,50.4069325385121,4.14826617006639,"C"
"99",21999,50.495517404231,4.15328450505134,"C"
"100",22001,46.8587545613494,4.26229573508243,"C"
"101",22002,47.8212447483647,4.13769185948953,"C"
"102",22003,48.62080840086,4.07990170869721,"C"
"103",22004,49.0214289277666,4.07486847220111,"C"
"104",22012,34.3954671521886,7.96240130918587,"D"
"105",22013,50.5321823355285,4.15563098705593,"C"
"106",22014,50.6243699874824,4.16039813456078,"C"
"107",22016,46.9896991158028,4.24289926475986,"C"
"108",22017,47.880166767165,4.13222350670393,"C"
"109",22018,48.6233659390016,4.07989025133231,"C"
"110",22019,49.0635435565825,4.07230018994254,"C"
"111",22027,34.4133408564211,7.94532419884978,"D"
"112",22028,50.6493030262903,4.16286383611292,"C"
"113",22029,50.7272115160633,4.16718245366401,"C"
"114",22031,47.0374097642382,4.23610547691464,"C"
"115",22032,47.9040823463764,4.12989983745191,"C"
"116",22033,48.6359248975027,4.07867881354562,"C"
"117",22034,49.1107512436302,4.0691007852172,"C"
"118",22042,34.5058152383922,7.90576291570157,"D"
"119",22043,50.7544250908281,4.1697639133118,"C"
"120",22044,50.8208629618124,4.1739658328852,"C"
"121",22046,46.2748802247353,4.36221270079723,"C"
"122",22047,47.6252536368112,4.15825048902775,"C"
"123",22048,44.330201274041,4.78218365376979,"C"
"124",22049,48.4808324560964,4.08478192406866,"C"
"125",22050,49.1125218732837,4.06499489145936,"C"
"126",22056,34.9208016671401,7.77579353629777,"D"
"127",22057,50.853367514283,4.17660045134428,"C"
"128",22058,50.9174116855333,4.18112590175155,"C"
"129",22060,46.0801838415016,4.39758743206207,"C"
"130",22061,47.6360368681945,4.15522319842201,"C"
"131",22062,44.5538914566909,4.72218703894014,"C"
"132",22063,48.4754447858397,4.08180150949763,"C"
"133",22064,44.7839620801956,4.66487105878256,"C"
"134",22065,44.8251067797024,4.65052120765546,"C"
"135",22066,49.1786480864448,4.05832196018662,"C"
"136",22070,35.2054849227378,7.6890525746554,"D"
"137",22071,50.9397769898631,4.18291376557812,"C"
"138",22072,51.0031358866059,4.18772374436106,"C"
"139",22074,46.4614693829614,4.32720788801948,"C"
"140",22075,47.6613685204993,4.1512387072843,"C"
"141",22076,48.5054485968022,4.07726472538858,"C"
"142",22077,49.2049090337231,4.0543665839806,"C"
"143",22078,45.3626269953073,4.52859451613849,"C"
"144",22079,45.3230773155317,4.53365344407706,"C"
"145",22083,35.2256557927661,7.6785947266163,"D"
"146",22084,51.0174374011711,4.18898579551917,"C"
"147",22085,51.0734059950362,4.19344170778312,"C"
"148",22087,46.7127663504758,4.284339913282,"C"
"149",22088,47.6594318010664,4.15087528493094,"C"
"150",22089,48.5357478259809,4.07269341124765,"C"
"151",22090,49.2336087897259,4.04949173031123,"C"
"152",22091,46.0272267584888,4.38857214832039,"C"
"153",22092,45.8950460309791,4.41567827395263,"C"
"154",22096,35.2243269567838,7.6730106132287,"D"
"155",22097,51.0972458689683,4.19562719600855,"C"
"156",22098,51.1321028040066,4.19837829419764,"C"
"157",22100,49.1387169573495,4.06587143297383,"C"
"158",22101,49.2651227770914,4.06123585066636,"C"
"159",22102,49.4441913842329,4.05886563485151,"C"
"160",22103,49.5789977292014,4.06026935148159,"C"
"161",22109,35.3115134642751,7.6427692934433,"D"
"162",22110,51.1992342304062,4.20470088302154,"C"
"163",22111,51.2052678825322,4.20492350398941,"C"
"164",22113,49.9164875003252,4.07845061142599,"C"
"165",22114,49.9437816923862,4.07577221101866,"C"
"166",22115,50.1190868176358,4.08139036447818,"C"
"167",22116,50.4374387383115,4.10247424556271,"C"
"168",22122,35.5871008525567,7.56429595123191,"D"
"169",22123,51.3065372055365,4.21388404920765,"C"
"170",22124,51.2879100197452,4.21260423356937,"C"
"171",22126,50.5152405501841,4.1126960002699,"C"
"172",22127,50.6262113574923,4.11792957722058,"C"
"173",22128,50.8095989780643,4.13303272822653,"C"
"174",22129,51.2581066644563,4.19187299785311,"C"
"175",22130,51.7219671969223,4.28148664118541,"C"
"176",22137,51.400659013928,4.22175690890923,"C"
"177",22138,51.3792939598642,4.22107484965045,"C"
"178",22141,50.6508220075866,4.12555982677957,"C"
"179",22142,50.6977096180853,4.12352007665429,"C"
"180",22143,50.9996528035705,4.15208616163091,"C"
"181",22144,51.472460477641,4.22026022062001,"C"
"182",22145,51.7493558585066,4.2738832406579,"C"
"183",22146,51.6657429228308,4.27843867012613,"C"
"184",22147,51.7012347175819,4.27509051490914,"C"
"185",22154,51.4878360884032,4.22925234742485,"C"
"186",22155,51.5027892386693,4.23062323006617,"C"
"187",22158,50.7309539109547,4.1363775937643,"C"
"188",22159,50.814921822209,4.13691607258814,"C"
"189",22160,51.0186533680685,4.15332835544683,"C"
"190",22161,51.458402443456,4.21510767837566,"C"
"191",22162,51.6142809149279,4.27232890916814,"C"
"192",22163,51.630682259875,4.26948922837141,"C"
"193",22168,51.5760893605866,4.26692223333672,"C"
"194",22169,51.5558996770014,4.26464965871282,"C"
"195",22172,50.7489812112666,4.14679751850792,"C"
"196",22173,50.8738878420024,4.15223189065394,"C"
"197",22174,51.0820549252129,4.16954921033573,"C"
"198",22175,51.4109087277413,4.21506835002772,"C"
"199",22180,50.6384788252987,4.14896829401449,"C"
"200",22181,50.8223462384343,4.1623135110741,"C"
"201",22182,51.0373071663091,4.1796894042619,"C"
"202",22183,51.2958551653972,4.21249333021932,"C"
"203",22188,44.8574639930062,4.55737747354121,"C"
"204",22189,50.7029774458962,4.17095717384873,"C"
"205",22190,50.9301554766063,4.18808825254591,"C"
"206",22191,51.1254207397322,4.21064656127909,"C"
"207",22196,45.5289220044137,4.46221286571426,"C"
"208",22197,46.8246411871077,4.32405619158968,"C"
"209",22198,50.7405555017704,4.1922128896525,"C"
"210",22199,50.8826034715344,4.20624639116331,"C"
"211",22204,45.7796168711741,4.43094472103855,"C"
"212",22205,50.2932717988794,4.18145735351904,"C"
"213",22206,50.4694560274729,4.19261225841695,"C"
"214",22207,50.5819510569668,4.20114917670085,"C"
"215",22211,49.9530346343077,4.17505353945444,"C"
"216",22212,50.0577036315072,4.18314222790461,"C"
"217",22213,50.1735572003157,4.19088772508979,"C"
"218",22214,50.2771974050034,4.19507529090628,"C"
"219",22218,49.8073728328616,4.1665879386856,"C"
"220",22219,49.8332729468519,4.17919669241562,"C"
"221",22220,49.8883653358963,4.18746041410592,"C"
"222",22221,49.9575801692755,4.19210216973613,"C"
"223",22223,38.9571490726238,6.400652721787,"D"
"224",22225,49.6561779373139,4.14941549876564,"C"
"225",22226,49.6094328079301,4.1691679574451,"C"
"226",22227,49.5850437975757,4.18116315384966,"C"
"227",22228,49.5662451803214,4.18893003502459,"C"
"228",22230,39.1470408286646,6.34183854955241,"D"
"229",22232,49.1515312180321,4.17137919440179,"C"
"230",22233,49.2168781138429,4.1768008784877,"C"
"231",22234,49.1886300683372,4.18595706725839,"C"
"232",22235,49.0156271531381,4.19892696782725,"C"
"233",22237,40.2874635520609,5.78312909608866,"D"
"234",22239,48.5853679616927,4.20364325025184,"C"
"235",22240,48.7779115568882,4.19744423003899,"C"
"236",22241,48.7475408327923,4.20391589139362,"C"
"237",22242,48.455698646403,4.22462102178482,"C"
"238",22243,44.4342628751709,4.65391670537099,"C"
"239",22245,41.0484996539516,5.4951683410015,"C"
"240",22247,48.4749355305772,4.21197569005237,"C"
"241",22248,48.6998385637187,4.2011485753474,"C"
"242",22249,48.8621464176434,4.19427510755002,"C"
"243",22250,48.5581827497806,4.21590233680553,"C"
"244",22251,41.3889479536859,5.44707570728849,"C"
"245",22254,48.1034974012226,4.2318462910135,"C"
"246",22255,48.301638254744,4.22159156644044,"C"
"247",22256,48.4560784614277,4.21480673451919,"C"
"248",22257,48.2479531208738,4.23012935166589,"C"
"249",22260,47.7394085631481,4.25273996969136,"C"
"250",22261,47.8470991736411,4.24686267591768,"C"
"251",22262,47.8786855592372,4.24634510109775,"C"
"252",22263,47.7079531881753,4.25944135457445,"C"
"253",22266,47.8209284547334,4.24329318525174,"C"
"254",22267,47.709189434859,4.25320237954327,"C"
"255",22268,47.0259041657471,4.29966286268551,"C"
"256",22269,47.4880033418264,4.27023779346802,"C"
"257",22270,47.2643628377396,4.2883321245715,"C"
"258",22273,47.8237388431307,4.24134396036763,"C"
"259",22274,47.4440623908415,4.2696879099324,"C"
"260",22275,47.1182481285454,4.29637169730873,"C"
"261",22276,46.0146638695315,4.40164521064017,"C"
"262",22277,46.9146560838377,4.31476680629366,"C"
"263",22280,46.8481522608272,4.31668182343062,"C"
"264",22281,43.866314110247,4.73529044949737,"C"
"265",22282,43.8918940589409,4.73029086830398,"C"
"266",22283,43.9395255785327,4.72085313263287,"C"
"267",22284,48.3468004368223,4.2020632835555,"C"
"268",22287,45.9400576716197,4.41133614480348,"C"
"269",22288,45.7435455017228,4.43514868891108,"C"
"270",22289,43.9480616377272,4.71869911692404,"C"
"271",22290,44.1295523488546,4.68355379940271,"C"
"272",22294,45.4100085276841,4.47811411076777,"C"
"273",22295,45.2032402751403,4.507070960128,"C"
"274",22296,45.1320579052001,4.51702481548697,"C"
"275",22297,45.2999975349343,4.49256442147428,"C"
"276",22301,45.6503283493457,4.44542706468111,"C"
"277",22302,45.0799449827355,4.52455833718086,"C"
"278",22303,45.07424024988,4.52481712061441,"C"
"279",22304,45.1699278333107,4.51013769130653,"C"
"280",22308,48.5394730944071,4.18811139811036,"C"
"281",22309,44.6992537847102,4.5838319766006,"C"
"282",22310,44.999740709714,4.5351430777594,"C"
"283",22311,45.2338472467016,4.50019886815861,"C"
"284",22316,47.9573919982316,4.22969279435249,"C"
"285",22317,47.9836723892635,4.2276439200498,"C"
"286",22318,47.8925788450848,4.23627170643611,"C"
"287",22319,47.6861508143689,4.25415881120511,"C"
"288",22324,47.7686295415563,4.2445511912659,"C"
"289",22325,47.7211354396695,4.24931017059945,"C"
"290",22326,47.7346969629328,4.25187787074956,"C"
"291",22331,47.8109041864324,4.2425022094632,"C"
"292",22332,47.5223150967745,4.26397316546592,"C"
"293",22333,47.4263644108293,4.2733536127577,"C"
"294",22338,48.0233252321317,4.22924442234144,"C"
"295",22339,47.4174860546101,4.27198095699092,"C"
"296",22340,47.1497785040851,4.29430635207592,"C"
"297",22345,47.8431656355256,4.24102747827223,"C"
"298",22346,47.2514855877843,4.28488574347884,"C"
"299",22347,46.9055096470978,4.31454526239598,"C"
"300",22351,47.6757991490133,4.25242471643953,"C"
"301",22352,47.2763656292387,4.28336147346895,"C"
"302",22353,46.731985438709,4.32997103907795,"C"
"303",22357,47.5692006519862,4.2598848541065,"C"
"304",22358,47.3706442000152,4.27638286993523,"C"
"305",22359,46.5991944492874,4.34240848164104,"C"
"306",22363,47.8070030340047,4.24304106347878,"C"
"307",22364,47.4229484926997,4.27237240921766,"C"
"308",22365,47.7754530598279,4.24467057738847,"C"
"309",22366,46.5448233192431,4.34771160946957,"C"
"310",22370,47.6984991530899,4.25054787272219,"C"
"311",22371,47.2857415024843,4.28272884796229,"C"
"312",22372,47.8634580786323,4.23783255957244,"C"
"313",22373,46.5960878300758,4.34284973049377,"C"
"314",22374,47.6786358211327,4.25111980631503,"C"
"315",22375,47.7838434433218,4.24296114640269,"C"
"316",22379,47.3737006621132,4.27447831758221,"C"
"317",22380,47.1315355592826,4.29505281423492,"C"
"318",22381,47.1460738788431,4.2941805466965,"C"
"319",22382,47.6052396997832,4.25597795863122,"C"
"320",22383,47.7798676092693,4.24262061548411,"C"
"321",22387,47.2027910388587,4.28817039468953,"C"
"322",22388,47.2781685421266,4.28330091405369,"C"
"323",22389,47.5066483854584,4.26630317551787,"C"
"324",22390,47.5575011094476,4.25899445168142,"C"
"325",22391,47.8860994214882,4.23402151748839,"C"
"326",22395,47.1270220947623,4.29438019135349,"C"
"327",22396,47.3870609676112,4.27467714975326,"C"
"328",22397,47.5844857287312,4.26062992996662,"C"
"329",22398,47.5274922980267,4.26061971373224,"C"
"330",22399,47.8825998786075,4.23325395077828,"C"
"331",22403,47.0607175344871,4.29962856746731,"C"
"332",22404,47.3401000950401,4.27792426646338,"C"
"333",22405,47.4667448811377,4.26885663534159,"C"
"334",22406,47.6201039952625,4.25206437132119,"C"
"335",22407,48.0552111406361,4.21889235934711,"C"
"336",22411,47.0157338671376,4.30287940839866,"C"
"337",22412,47.2517349117389,4.28428993544448,"C"
"338",22413,47.3860231516213,4.27437669804081,"C"
"339",22414,47.9959190524444,4.21981286574133,"C"
"340",22415,48.4728291292783,4.18560737869506,"C"
"341",22419,47.0248151105119,4.30136766004101,"C"
"342",22420,47.2305241627686,4.28517748241141,"C"
"343",22421,47.4499160473592,4.26860526375443,"C"
"344",22422,48.3614473615316,4.1872016057705,"C"
"345",22423,48.7998145084376,4.15718095224923,"C"
"346",22427,47.0166932082279,4.30093217855475,"C"
"347",22428,47.1777629116612,4.28724242451138,"C"
"348",22429,47.2491125093401,4.28258105349244,"C"
"349",22430,47.4118731260118,4.27023790811281,"C"
"350",22431,48.5219482977641,4.16933149816319,"C"
"351",22432,48.8314848677726,4.14742168986273,"C"
"352",22433,48.711114679902,4.14682420498913,"C"
"353",22434,48.8530883310109,4.13922275033904,"C"
"354",22435,48.8536994445634,4.1258178713402,"C"
"355",22440,47.0194732753242,4.29906014385535,"C"
"356",22441,47.211638389921,4.28271261827037,"C"
"357",22442,47.267952179471,4.27930118953213,"C"
"358",22443,47.4498458570486,4.26531428979082,"C"
"359",22444,48.6642962333898,4.14570454576627,"C"
"360",22445,48.8203457080354,4.13409485073456,"C"
"361",22446,48.8792786563071,4.12129175428064,"C"
"362",22447,48.7791915712016,4.13522146233045,"C"
"363",22448,48.6892507485556,4.13146907871773,"C"
"364",22449,48.7255860302326,4.12533050759205,"C"
"365",22450,48.5736362627727,4.13024478960594,"C"
"366",22455,47.0504035710862,4.29452808918446,"C"
"367",22456,47.2499130276951,4.2774468000448,"C"
"368",22457,47.3489387134619,4.27048943951197,"C"
"369",22458,47.5605247675893,4.25478506005465,"C"
"370",22459,48.7644288795848,4.12647236843927,"C"
"371",22460,48.7835153522126,4.12815649769027,"C"
"372",22461,49.0374986529736,4.09599798027974,"C"
"373",22462,48.6923772599958,4.12306947003627,"C"
"374",22463,48.45468112749,4.13051506496021,"C"
"375",22464,48.3358091621827,4.13088406611754,"C"
"376",22465,48.5831688189315,4.12274731466876,"C"
"377",22466,48.4406800677476,4.12936052805492,"C"
"378",22467,48.2275376155208,4.13093904298999,"C"
"379",22472,47.1164069015522,4.28639742873057,"C"
"380",22473,47.2812300026366,4.27251275570414,"C"
"381",22474,47.3731117238831,4.26619767027091,"C"
"382",22475,47.5827310328432,4.25068680723326,"C"
"383",22476,48.70486587463,4.12169630678621,"C"
"384",22477,48.6846881686533,4.12970970995884,"C"
"385",22478,48.8169681866489,4.09911602347928,"C"
"386",22479,48.5929082960601,4.12556061952177,"C"
"387",22480,48.6096648939827,4.09078699609627,"C"
"388",22481,48.477256043921,4.11434077635224,"C"
"389",22482,48.3549137740104,4.12103568313964,"C"
"390",22483,48.1360388316314,4.12959122794387,"C"
"391",22488,47.1301280743824,4.28273835134496,"C"
"392",22489,47.2612805514238,4.27177216774651,"C"
"393",22490,47.3415365193019,4.26637363261547,"C"
"394",22491,47.5211392607935,4.25259579621464,"C"
"395",22492,48.5873224319703,4.12062171226486,"C"
"396",22493,48.6163516471096,4.12489989490117,"C"
"397",22494,48.5672675433951,4.10283125267495,"C"
"398",22495,48.5691027437088,4.11749753914986,"C"
"399",22496,48.3047861434374,4.09904710852603,"C"
"400",22497,48.3926020624873,4.09349097654814,"C"
"401",22498,48.1421809724405,4.10167929946521,"C"
"402",22499,48.2948597708531,4.11362848792333,"C"
"403",22500,48.2628973502155,4.12066457976244,"C"
"404",22501,48.0792511698393,4.12735096897455,"C"
"405",22506,47.1016685139492,4.2827947106754,"C"
"406",22507,47.2101878005411,4.27367793040151,"C"
"407",22508,47.2929353753741,4.26794606835186,"C"
"408",22509,47.4249860149763,4.25729486392225,"C"
"409",22510,48.4760370121054,4.12092682943005,"C"
"410",22511,48.5317184125924,4.12188625378348,"C"
"411",22512,48.3662988674147,4.10538123099616,"C"
"412",22513,48.5634982795822,4.10901350804968,"C"
"413",22514,48.1664721510923,4.10066419995646,"C"
"414",22517,47.9553961631503,4.12933365876055,"C"
"415",22522,47.2447639384377,4.26548318599272,"C"
"416",22523,47.1894042806145,4.27242563235146,"C"
"417",22524,47.2535406700395,4.26856219526932,"C"
"418",22525,47.3313144833965,4.26207709367116,"C"
"419",22526,48.4487233817136,4.11699053114263,"C"
"420",22527,48.5136767971386,4.11496782637311,"C"
"421",22528,48.3731918618711,4.1034580317614,"C"
"422",22529,48.5787302878948,4.10061697781002,"C"
"423",22530,48.3631965579815,4.08996570352313,"C"
"424",22534,47.8158436191842,4.13345548773718,"C"
"425",22539,47.4175319082484,4.24414456140457,"C"
"426",22540,47.2361759311515,4.2639593743009,"C"
"427",22541,47.372418309561,4.25436832645249,"C"
"428",22542,47.3521283063375,4.25676918560314,"C"
"429",22543,48.4177888236606,4.11429520403182,"C"
"430",22544,48.4965970448587,4.11312899397773,"C"
"431",22545,48.3222863166421,4.10634598122257,"C"
"432",22546,48.4596688640882,4.10964374839598,"C"
"433",22547,48.5530705231449,4.09641025816118,"C"
"434",22548,48.2434974719551,4.10226558468092,"C"
"435",22550,48.2288298010711,4.09712240334194,"C"
"436",22559,47.4441477826036,4.23717587618121,"C"
"437",22560,47.3651558517366,4.24802823198343,"C"
"438",22561,47.5099859546775,4.2384647489534,"C"
"439",22562,47.4856641163798,4.24156625514427,"C"
"440",22563,48.3684504153288,4.11371714789261,"C"
"441",22564,48.2628159602311,4.10793601552035,"C"
"442",22565,48.1363210558035,4.10564140657509,"C"
"443",22566,48.4183289915132,4.10630413385355,"C"
"444",22567,48.5704757864939,4.08757271781325,"C"
"445",22568,48.3003523788805,4.11264932689922,"C"
"446",22569,48.1082846694938,4.10111980107067,"C"
"447",22580,47.4896827745695,4.22876244979084,"C"
"448",22581,47.4789187089296,4.2335751229194,"C"
"449",22582,47.5938823666101,4.22698278031081,"C"
"450",22583,47.6514337236182,4.22354211675047,"C"
"451",22584,48.1692036260979,4.10824704146755,"C"
"452",22585,48.367431593109,4.10355323231615,"C"
"453",22586,48.5138789253575,4.08517373469127,"C"
"454",22587,48.2160813092944,4.11182233805554,"C"
"455",22588,48.0221978627375,4.10973851939608,"C"
"456",22600,47.496310602514,4.22331950285672,"C"
"457",22601,47.5183798890424,4.22524057193747,"C"
"458",22602,47.6659383199041,4.21540677732398,"C"
"459",22603,47.793091717765,4.20666548065436,"C"
"460",22604,48.3311608143037,4.10017511503862,"C"
"461",22605,48.5012182026572,4.08001902145681,"C"
"462",22606,48.1918867319179,4.10685790972724,"C"
"463",22607,47.9447160709913,4.112870707429,"C"
"464",22608,47.592028509484,4.1384232839754,"C"
"465",22622,47.5219469379245,4.21453298009047,"C"
"466",22623,47.5887638913057,4.21242240979578,"C"
"467",22624,47.7353168018405,4.2028288218995,"C"
"468",22625,47.7972058368104,4.19952998443298,"C"
"469",22626,48.2774186764835,4.0989432219834,"C"
"470",22627,48.476121690006,4.07659576620926,"C"
"471",22628,48.0991155319724,4.10865314193228,"C"
"472",22629,47.6657195823983,4.13135384724417,"C"
"473",22630,47.2725102644986,4.17009507586388,"C"
"474",22631,47.2372252377037,4.17639036323904,"C"
"475",22632,47.2546805892617,4.17194946079454,"C"
"476",22648,47.9171059929113,4.16420100938023,"C"
"477",22649,46.7236099671713,4.30058213407894,"C"
"478",22650,46.2501477061852,4.36381413885414,"C"
"479",22651,47.7121645126009,4.19799480807528,"C"
"480",22652,48.2111959150484,4.1001560354027,"C"
"481",22653,48.4022239971365,4.07724588925753,"C"
"482",22654,48.0304042468255,4.11093895403622,"C"
"483",22655,47.5847521816308,4.13785619609924,"C"
"484",22656,47.0598049689849,4.20007795075518,"C"
"485",22657,47.3620456182446,4.15739530345725,"C"
"486",22671,45.1253541697046,4.55852653022021,"C"
"487",22672,46.4183246048872,4.33825344357566,"C"
"488",22673,46.256076173368,4.36249148548581,"C"
"489",22674,47.7987039255468,4.18048433256812,"C"
"490",22675,48.1452958505007,4.10206658293552,"C"
"491",22676,48.2867395477476,4.08402305972608,"C"
"492",22677,47.9677097052611,4.11340962355132,"C"
"493",22678,47.5329854793215,4.14223062161835,"C"
"494",22679,47.0941595945356,4.1948381403179,"C"
"495",22680,47.4674954183787,4.14357040131674,"C"
"496",22693,44.611742054259,4.66196748788854,"C"
"497",22694,45.8712914424805,4.42276042929087,"C"
"498",22695,46.0332316017821,4.39663591887295,"C"
"499",22696,47.8788691490358,4.16936852756946,"C"
"500",22697,48.0716428266367,4.10340919129129,"C"
"501",22698,48.1658812116707,4.09063357408974,"C"
"502",22699,47.9343213800262,4.11211680800903,"C"
"503",22700,47.5884312972473,4.13680819327475,"C"
"504",22701,47.4746154608316,4.14562134497207,"C"
"505",22702,47.3051054941058,4.16376676133509,"C"
"506",22703,47.580800338495,4.12791683207989,"C"
"507",22716,44.6217875804262,4.65918289821882,"C"
"508",22717,45.5847189798968,4.47179704335358,"C"
"509",22718,45.8376285591667,4.42842320795769,"C"
"510",22719,47.8757085538394,4.16670117859879,"C"
"511",22720,48.0132350736237,4.10228736119746,"C"
"512",22721,48.0340422226053,4.09782607683812,"C"
"513",22722,47.8653343230825,4.11454966829082,"C"
"514",22723,47.6140974959875,4.1334840657978,"C"
"515",22724,47.5001395794782,4.14193364601681,"C"
"516",22725,47.3838612220058,4.15274822667012,"C"
"517",22726,47.4191835216686,4.14867182907668,"C"
"518",22727,47.261528485945,4.16478598577912,"C"
"519",22738,44.5813548273085,4.6672317001196,"C"
"520",22739,45.2612750809417,4.53075660909077,"C"
"521",22740,45.5971620673455,4.46960139939599,"C"
"522",22741,44.4515238075185,4.69552073914818,"C"
"523",22742,47.8687371491325,4.11100957554217,"C"
"524",22743,47.8184030971243,4.11476281810911,"C"
"525",22744,47.7420600090294,4.12283301105675,"C"
"526",22745,47.5842747110282,4.13336074052309,"C"
"527",22746,47.5334287607754,4.13112643657577,"C"
"528",22747,47.498212236939,4.13323800990562,"C"
"529",22748,47.2338976854133,4.16958958199732,"C"
"530",22749,47.3348206396035,4.15672433944407,"C"
"531",22750,46.990032934421,4.20315443506388,"C"
"532",22751,47.4299773054228,4.14085368983118,"C"
"533",22752,47.0433307941989,4.19306016818607,"C"
"534",22753,47.0168007676363,4.19565156810362,"C"
"535",22764,44.7716004302769,4.62728791557895,"C"
"536",22765,45.1627917733575,4.54948225248623,"C"
"537",22766,45.4203830412004,4.50130655500952,"C"
"538",22767,47.8023934742494,4.16774331463656,"C"
"539",22768,47.7097821883345,4.12436536484911,"C"
"540",22769,47.6665810289305,4.12674947627112,"C"
"541",22770,47.642687288111,4.13123179232728,"C"
"542",22771,47.5579697343546,4.13490604753128,"C"
"543",22772,47.1936055844497,4.17367344973408,"C"
"544",22773,47.2557119528678,4.16605918569994,"C"
"545",22774,47.3472924953497,4.15149331362571,"C"
"546",22775,47.0663148906805,4.18645614795237,"C"
"547",22787,48.0487746226418,4.13414833998957,"C"
"548",22788,48.1359927552298,4.13320557448811,"C"
"549",22789,48.0591293832101,4.14429275743248,"C"
"550",22790,48.0908359484023,4.13614341663285,"C"
"551",22791,47.5528228560904,4.13853908127556,"C"
"552",22793,47.5426260171306,4.1398863079098,"C"
"553",22794,47.5163707018794,4.13805663053611,"C"
"554",22795,47.252196610173,4.16454476320656,"C"
"555",22796,47.2983473335691,4.15914456917281,"C"
"556",22797,47.2727640934589,4.16238801555519,"C"
"557",22798,47.3080332052697,4.15664187545633,"C"
"558",22808,48.2114925465103,4.1168983556592,"C"
"559",22809,48.295507101802,4.1180821026771,"C"
"560",22810,48.2174566122315,4.12772737179127,"C"
"561",22811,48.2227017009319,4.12042544696307,"C"
"562",22814,47.4454221032753,4.14768448408049,"C"
"563",22815,47.4685624160577,4.13989284811064,"C"
"564",22816,47.3231041515336,4.15397029744767,"C"
"565",22817,47.3473580001302,4.1498572106417,"C"
"566",22818,47.2157221668283,4.16967802530636,"C"
"567",22829,47.4432751004064,4.19335279848114,"C"
"568",22830,48.0019995762355,4.14191808302424,"C"
"569",22831,47.7004017282364,4.17480377040037,"C"
"570",22832,48.24457653904,4.11540796261863,"C"
"571",22835,47.3764688815199,4.15198494030553,"C"
"572",22836,47.4190322225527,4.14140575429787,"C"
"573",22837,47.3307341470694,4.15131705812322,"C"
"574",22838,47.207288295478,4.17033671970001,"C"
"575",22849,47.420960808693,4.19312416853893,"C"
"576",22850,46.5939630494814,4.30425523806006,"C"
"577",22851,47.8185948136854,4.16082340084564,"C"
"578",22852,48.362790047498,4.10206670046775,"C"
"579",22857,47.300203996069,4.15459866846201,"C"
"580",22858,47.2015441152314,4.17033917676679,"C"
"581",22869,47.344649992732,4.20036547787744,"C"
"582",22870,46.8299058549103,4.27107021378311,"C"
"583",22871,47.0587589315426,4.24164084970526,"C"
"584",22872,47.8398009613651,4.15204489186032,"C"
"585",22878,47.1949389828432,4.1700194562227,"C"
"586",22890,49.0431056716554,4.04094768609273,"C"
"587",22891,46.9670559465119,4.25268283357091,"C"
"588",22892,47.3201699872598,4.21011612175059,"C"
"589",22893,48.0073584355199,4.13341595658262,"C"
"590",22899,47.1490465716864,4.17529149064651,"C"
"591",22912,49.0770728251928,4.03763081149945,"C"
"592",22913,47.2570997085659,4.21667282387001,"C"
"593",22914,46.5487254091971,4.30781270339366,"C"
"594",22915,47.2227927153457,4.22126253993286,"C"
"595",22934,47.7389742647583,4.15648604205561,"C"
"596",22935,46.4875119944334,4.31638491236489,"C"
"597",22936,46.2565109145717,4.35072122687594,"C"
"598",22937,47.2290349337172,4.2203856631195,"C"
"599",22948,47.656109110467,4.1667206512633,"C"
"600",22949,46.2372608723202,4.35388788707567,"C"
"601",22950,46.0047681037022,4.39198955661074,"C"
"602",22951,46.4732263644555,4.31779998196881,"C"
"603",22961,47.6306706235657,4.17074120257784,"C"
"604",22962,46.2616645805554,4.34987992835701,"C"
"605",22963,46.0428343982741,4.38537273698861,"C"
"606",22964,46.2636377102117,4.34922726939134,"C"
"607",22973,47.650263864084,4.16868502968943,"C"
"608",22974,46.2763800711872,4.3476611542787,"C"
"609",22975,46.0393063314655,4.3859728131649,"C"
"610",22976,46.2597026605026,4.34986470180337,"C"
"611",22985,48.8173422822448,4.05551904066225,"C"
"612",22986,47.0326050672046,4.24354672925503,"C"
"613",22987,46.2514697578641,4.35137702145966,"C"
"614",22988,46.4784102201515,4.31662961125336,"C"
"615",22997,48.8546277838022,4.05092437236152,"C"
"616",22998,47.7040286229469,4.16489619979034,"C"
"617",22999,46.3183291657587,4.34112885342814,"C"
"618",23000,46.4427184281352,4.32218473838726,"C"
"619",23009,48.8026432557784,4.05480193692985,"C"
"620",23010,47.7050763369403,4.16449813239109,"C"
"621",23011,46.1553873350079,4.36718710448851,"C"
"622",23012,47.0033563575131,4.24533634216922,"C"
"623",23021,48.7504932182823,4.05731926881129,"C"
"624",23022,46.9393296138525,4.25142993662606,"C"
"625",23023,46.0809181616683,4.37938267839728,"C"
"626",23024,46.8176567844683,4.26816167005703,"C"
"627",23033,46.8892290436216,4.25268598647657,"C"
"628",23034,46.8696741278804,4.26003596649416,"C"
"629",23035,46.0627186131606,4.38204755916379,"C"
"630",23036,46.7815300941283,4.27152063852164,"C"
"631",23045,47.1732938224972,4.21373039394434,"C"
"632",23046,46.8874195818966,4.25687880677529,"C"
"633",23047,46.0423104154551,4.38499758795697,"C"
"634",23048,45.8159857383246,4.42524219928117,"C"
"635",23054,47.2800828058736,4.20069872561076,"C"
"636",23055,46.1416564799797,4.36646512090595,"C"
"637",23056,46.0974039189443,4.37480664124505,"C"
"638",23057,46.7245149402038,4.27812455257209,"C"
"639",23060,46.1508017854603,4.36331872767136,"C"
"640",23061,46.2289570299422,4.3510549084843,"C"
"641",23062,46.2186222130831,4.35341283944487,"C"
"642",23063,46.766785806794,4.27157073689189,"C"
"643",23066,46.3905298062945,4.32351362209538,"C"
"644",23067,46.2636162717806,4.34439345808619,"C"
"645",23068,46.2777565323162,4.34243429713656,"C"
"646",23069,46.7470791297806,4.27360226609128,"C"
"647",23072,46.5922980823422,4.2923874365385,"C"
"648",23073,46.2485002392827,4.3465465092648,"C"
"649",23074,46.2613412555605,4.34463418511367,"C"
"650",23075,46.7623525265119,4.27043056415418,"C"
"651",23078,47.2589219335274,4.20259413094466,"C"
"652",23079,46.3112955930836,4.33555576358387,"C"
"653",23080,46.2490326421729,4.34609299311321,"C"
"654",23081,46.6783418211381,4.2804075522291,"C"
"655",23084,47.2861756168182,4.20031220911324,"C"
"656",23085,46.2421873800819,4.34656699657283,"C"
"657",23086,46.2575996704808,4.34411562809497,"C"
"658",23087,46.6723749468242,4.27942735015233,"C"
"659",23090,47.3062317758656,4.19740404027627,"C"
"660",23091,46.2148038088663,4.35077116101528,"C"
"661",23092,46.2172901549517,4.35052502930294,"C"
"662",23093,46.6366342540575,4.28359182133534,"C"
"663",23096,46.9790196745715,4.23620368360313,"C"
"664",23097,46.1939185870897,4.35405165500001,"C"
"665",23098,46.1570299050368,4.36054228227646,"C"
"666",23099,46.5296037291804,4.29855517504209,"C"
"667",23102,46.6701403379942,4.27798660917788,"C"
"668",23103,46.4389596449848,4.31279748458406,"C"
"669",23104,46.1086068679157,4.36879739775016,"C"
"670",23105,45.8474147263544,4.41574883134533,"C"
"671",23108,47.9418125213539,4.12411593763819,"C"
"672",23109,46.3139021479205,4.33250194266417,"C"
"673",23110,46.1128040052343,4.36747711492345,"C"
"674",23111,46.3870229665138,4.31994346464884,"C"
"675",23114,46.8038171907235,4.25527372717529,"C"
"676",23115,46.2374386855993,4.34497250875203,"C"
"677",23116,46.250085955188,4.34262830206754,"C"
"678",23117,47.0260980705654,4.22407210592844,"C"
"679",23120,46.5966847862431,4.28534442695133,"C"
"680",23121,46.685338536829,4.27315360202997,"C"
"681",23122,46.0950433882458,4.36943049507663,"C"
"682",23123,47.0115271159842,4.21595779193442,"C"
"683",23126,46.3584163195952,4.32287576455013,"C"
"684",23127,46.544862316151,4.29350770975907,"C"
"685",23128,46.6386759083692,4.27845203189508,"C"
"686",23129,46.6613719568976,4.2712800212592,"C"
"687",23132,45.7905310121996,4.42661359071918,"C"
"688",23133,48.1295114005908,4.0979584203982,"C"
"689",23134,46.451279195864,4.3071544672353,"C"
"690",23135,46.2410594480449,4.3406259067722,"C"
"691",23138,48.0169822758569,4.11046089200794,"C"
"692",23139,48.7706376939056,4.03050143235949,"C"
"693",23140,47.8912537678413,4.11352721081482,"C"
"694",23141,47.4217077838476,4.16113145342674,"C"
"695",23144,48.6203999911824,4.04505402205351,"C"
"696",23145,48.9416963820684,4.01248668239064,"C"
"697",23146,48.2035856112143,4.07853396014654,"C"
"698",23147,47.7606411585956,4.11911551780579,"C"
"699",23150,48.8188876937574,4.02215542557057,"C"
"700",23151,48.8378212659275,4.0185788795203,"C"
"701",23152,48.1961785178982,4.07666636902421,"C"
"702",23153,47.9785101968514,4.09304593442784,"C"
"703",23156,48.7068915415201,4.0270553745158,"C"
"704",23157,47.3597324271891,4.17313631552151,"C"
"705",23158,47.4187433744357,4.1679037551843,"C"
"706",23159,48.0778513637583,4.08087567704551,"C"
"707",23162,47.2748993713257,4.180883082896,"C"
"708",23163,47.3135748357745,4.17733401309326,"C"
"709",23164,47.3721837655432,4.17145483888171,"C"
"710",23165,48.2133264071721,4.06466246725229,"C"
"711",23168,47.1361833616159,4.1972868583918,"C"
"712",23169,47.2625325539315,4.1822438592899,"C"
"713",23170,47.2224566090761,4.18879253994752,"C"
"714",23171,48.378396344501,4.04476536748035,"C"
"715",23174,47.1258132849776,4.19634524783222,"C"
"716",23175,45.9612617102419,4.38803835691929,"C"
"717",23176,47.1088854256391,4.20234029507822,"C"
"718",23177,48.5927773047297,4.02041015181513,"C"
"719",23180,44.9603698120498,4.60268002101391,"C"
"720",23181,45.7211977975974,4.43513430214727,"C"
"721",23182,48.6249497732234,4.02034420777278,"C"
"722",23183,48.6704791554865,4.00801319519531,"C"
"723",23186,46.7632814041574,4.24657552213491,"C"
"724",23187,47.0876167485334,4.20067305383895,"C"
"725",23188,48.675989860153,4.01113637722632,"C"
"726",23189,48.5561254742852,4.01128548025,"C"
"727",23192,46.7502310834703,4.24731014161655,"C"
"728",23193,47.0105556652556,4.21026188700747,"C"
"729",23194,48.7999740418214,3.993247231117,"C"
"730",23195,48.7160829856241,3.98501173200899,"C"
"731",23198,46.8775628458312,4.22573915894028,"C"
"732",23199,46.9590865201424,4.21594153735665,"C"
"733",23200,48.7578567857258,3.99085323866383,"C"
"734",23201,48.7684704203634,3.96922202695304,"C"
"735",23204,46.9726265274735,4.20928716099772,"C"
"736",23205,45.2597919546959,4.53395507865621,"C"
"737",23206,48.7669079952333,3.98382529750306,"C"
"738",23207,48.8002815465808,3.9554157225698,"C"
"739",23210,46.9160486176844,4.21612689080108,"C"
"740",23211,44.9760952153188,4.59917230771379,"C"
"741",23212,48.6803748723194,3.98860824045901,"C"
"742",23213,48.9206525572593,3.93208358587308,"C"
"743",23216,46.8096552366862,4.23114361056894,"C"
"744",23217,44.5974461837774,4.69141689271862,"C"
"745",23218,48.6052672302493,3.99696121729395,"C"
"746",23219,48.7750888051191,3.94124508060061,"C"
"747",23222,46.6118352472428,4.26218005273385,"C"
"748",23223,44.3011453988894,4.76738632027316,"C"
"749",23224,46.0569986382904,4.36342768762153,"C"
"750",23225,48.5983795348023,3.97014096009239,"C"
"751",23228,46.3180889215233,4.31234459720129,"C"
"752",23229,46.2627195916538,4.32499895202676,"C"
"753",23230,46.0399795346544,4.36591035335256,"C"
"754",23231,48.4317510170065,3.99304894585894,"C"
"755",23234,45.8336817492305,4.40529979168645,"C"
"756",23235,46.1351341414202,4.34769351762552,"C"
"757",23236,45.9683121405801,4.37892421851099,"C"
"758",23237,48.3286364274609,4.00380154357627,"C"
"759",23240,45.6580603106749,4.44171779798741,"C"
"760",23241,46.0353417179301,4.36597009249953,"C"
"761",23242,45.8711864915074,4.39778398939204,"C"
"762",23243,44.9536988641988,4.59976877890392,"C"
"763",23246,48.4483590525623,4.00697148921319,"C"
"764",23247,46.0364978530672,4.36496296682387,"C"
"765",23248,45.8712668762633,4.39732946630827,"C"
"766",23249,44.7481987869311,4.64937740330603,"C"
"767",23252,48.4403560359338,4.00256637508727,"C"
"768",23253,46.2235620300217,4.3284325849603,"C"
"769",23254,46.1222526911424,4.34724769656434,"C"
"770",23255,47.891840186056,4.04824239943027,"C"
"771",23258,48.5136248304705,3.98733031321938,"C"
"772",23259,46.5938346756744,4.2600234830545,"C"
"773",23260,46.5237882849705,4.27132843909671,"C"
"774",23261,47.9290231356695,4.04065425236843,"C"
"775",23264,46.8888687090506,4.20517799475732,"C"
"776",23265,46.7276547254224,4.23485302918617,"C"
"777",23266,46.6363430723931,4.25036984494267,"C"
"778",23267,46.9091409326298,4.20252986111226,"C"
"779",23270,46.8452551532334,4.20811223723675,"C"
"780",23271,47.0052863222575,4.1868155441724,"C"
"781",23272,47.0509477468891,4.17515404108966,"C"
"782",23275,47.0614016985445,4.16904949368587,"C"
"783",23276,46.930062567014,4.19137753558566,"C"
"784",23277,47.3530497775776,4.1231093813488,"C"
"785",23280,47.3363514899803,4.12372518933042,"C"
"786",23281,47.0545048772374,4.16899900850489,"C"
"787",23282,46.6533481155459,4.22725245695466,"C"
"788",23285,46.7568284267026,4.20940042983262,"C"
"789",23286,46.7243106963528,4.21534480449946,"C"
"790",23287,46.9606077443281,4.17388590346337,"C"
"791",23290,46.8734292930488,4.18493388732875,"C"
"792",23291,46.091905856277,4.32355820143413,"C"
"793",23292,46.2242323401339,4.30175945512853,"C"
"794",23295,47.1008480508402,4.1275571850017,"C"
"795",23296,45.9759975425416,4.34486500482291,"C"
"796",23297,46.9685360835135,4.16309582224686,"C"
"797",23300,46.7497409277772,4.19584079526409,"C"
"798",23301,45.8576071254928,4.36765536774054,"C"
"799",23302,46.6207787800051,4.21821845021161,"C"
"800",23305,47.0278961339163,4.14580698439664,"C"
"801",23306,45.9918739036103,4.34402912327149,"C"
"802",23307,46.4482910156357,4.2488137939397,"C"
"803",23310,46.9240899311892,4.16175823564458,"C"
"804",23311,46.1793096313726,4.30261280490572,"C"
"805",23312,47.2869381306429,4.10449359016696,"C"
"806",23315,46.8373070005571,4.17279933584118,"C"
"807",23316,46.9838132122322,4.15138094480483,"C"
"808",23317,47.0879471967175,4.12528452999275,"C"
"809",23320,46.9069505222385,4.154100581706,"C"
"810",23321,46.4160449075053,4.24080262656542,"C"
"811",23322,46.8374462000345,4.15826188085693,"C"
"812",23325,46.3677283751391,4.23927437361067,"C"
"813",23326,46.4622459068984,4.22716137900635,"C"
"814",23327,46.8669032075881,4.15158621685175,"C"
"815",23330,46.3939015707112,4.23331107099426,"C"
"816",23331,46.4164340086841,4.23048547906567,"C"
"817",23332,46.483416019712,4.21945271668009,"C"
"818",23333,46.3698919138276,4.23916443179884,"C"
"819",23336,46.8399977080475,4.15601843058908,"C"
"820",23337,46.3662351329688,4.23834774034649,"C"
"821",23338,46.7998656242944,4.16415801859816,"C"
"822",23339,48.5614896222275,3.89571562857377,"C"
"823",23342,46.6905550831483,4.179416124352,"C"
"824",23343,46.6066942311251,4.19439863683679,"C"
"825",23344,48.0107015987681,3.96938026869041,"C"
"826",23345,48.7125967309599,3.85045136819958,"C"
"827",23348,47.9934271696173,3.9649231059384,"C"
"828",23349,46.7190953201334,4.17338143881122,"C"
"829",23350,48.0411976350409,3.95881712529417,"C"
"830",23351,48.4333982221334,3.87339045855916,"C"
"831",23354,47.4293635087773,4.05849773503561,"C"
"832",23355,47.0542180642871,4.11389752876399,"C"
"833",23356,47.0776321759116,4.10855207512578,"C"
"834",23357,48.1448731115857,3.91781079343682,"C"
"835",23360,47.4513786471313,4.05162197223582,"C"
"836",23361,47.1940470682977,4.08900577468136,"C"
"837",23362,47.102965049234,4.10109955182353,"C"
"838",23363,46.6426210851697,4.16887815266699,"C"
"839",23366,47.1889778074764,4.08731285350363,"C"
"840",23367,45.9497355178423,4.30057849294006,"C"
"841",23368,46.2060523017709,4.24972488497278,"C"
"842",23369,46.8903139899244,4.11267064166045,"C"
"843",23372,46.9661359186497,4.11981848053744,"C"
"844",23373,45.8684782754337,4.31774322245293,"C"
"845",23374,46.0500326885592,4.27587040055224,"C"
"846",23375,46.7990078476327,4.12235771290961,"C"
"847",23378,48.17579040403,3.92612489958768,"C"
"848",23379,47.0389140970086,4.10573739985486,"C"
"849",23380,46.0520049222288,4.27026727754963,"C"
"850",23381,45.6596322649896,4.34501576611843,"C"
"851",23384,48.2023753527238,3.91729787770187,"C"
"852",23385,46.9369345996785,4.11888448314153,"C"
"853",23386,46.057123900234,4.26655323329843,"C"
"854",23387,45.7996315672255,4.31399804424443,"C"
"855",23390,48.1117875621455,3.92522573853813,"C"
"856",23391,46.7249703352128,4.15000686212812,"C"
"857",23392,45.9786826234338,4.28028517860533,"C"
"858",23393,46.4481507107697,4.17968224685013,"C"
"859",23396,48.3128858233586,3.88125542652013,"C"
"860",23397,48.0170838034242,3.94217378725648,"C"
"861",23398,46.4444569982647,4.18899141107978,"C"
"862",23399,46.5462000604506,4.16196166698338,"C"
"863",23402,48.587847831898,3.82562443278855,"C"
"864",23403,48.1886533520686,3.9112410438121,"C"
"865",23404,46.5205571620132,4.17336841563003,"C"
"866",23405,48.0871289546756,3.92072641219023,"C"
"867",23408,48.4209884237301,3.85668232524605,"C"
"868",23409,47.031045408731,4.07446248702329,"C"
"869",23410,47.0919643395909,4.0686600420428,"C"
"870",23411,47.9928871043353,3.92322410360397,"C"
"871",23414,47.0271953345341,4.06807397035404,"C"
"872",23415,46.7012035025329,4.12125675874081,"C"
"873",23416,46.7490846154651,4.11382750010116,"C"
"874",23417,46.9025905815843,4.09020020783168,"C"
"875",23420,47.0804086863439,4.05530050345356,"C"
"876",23421,46.4920405730098,4.15431105214274,"C"
"877",23422,46.4142234096685,4.16748916958598,"C"
"878",23423,46.6136423955297,4.1383768738162,"C"
"879",23426,46.6041082426551,4.12818307820926,"C"
"880",23427,46.4276727837112,4.1627340979437,"C"
"881",23428,46.8471785064364,4.09196529559703,"C"
"882",23429,48.1757627655165,3.8702387549952,"C"
"883",23432,46.2997431474505,4.17899554076234,"C"
"884",23433,46.2632806194688,4.18996201232935,"C"
"885",23434,48.289851076104,3.86568071376534,"C"
"886",23435,48.18548988929,3.869214509864,"C"
"887",23438,45.7908632248592,4.27921956025856,"C"
"888",23439,46.0045983488332,4.23801696720089,"C"
"889",23440,47.9969084120199,3.89857030851771,"C"
"890",23441,48.0612370370285,3.88388682325643,"C"
"891",23445,46.2351598609404,4.18823981088638,"C"
"892",23446,46.1041553171751,4.21725403095655,"C"
"893",23447,47.8465242319394,3.91398170938416,"C"
"894",23448,47.9540549727465,3.89349587965244,"C"
"895",23453,48.303351733788,3.85102003292464,"C"
"896",23454,47.7073922242023,3.93057247410125,"C"
"897",23455,47.7699117855123,3.92076602324426,"C"
"898",23456,47.8518593212869,3.90204576254959,"C"
"899",23462,48.605760114325,3.78639161885109,"C"
"900",23463,47.9574416783412,3.87952018148303,"C"
"901",23464,46.7604818745419,4.12870505607028,"C"
"902",23465,47.6895281995731,3.91638051655721,"C"
"903",23474,48.6832908851116,3.75931183579296,"C"
"904",23475,46.7108671990087,4.10571248288701,"C"
"905",23476,46.7364712544522,4.12344659157097,"C"
"906",23477,47.5423340442598,3.92711162704279,"C"
"907",23487,48.4491670299146,3.77699337500413,"C"
"908",23488,46.4956139820363,4.14321437043663,"C"
"909",23489,46.6463125958425,4.1320567348272,"C"
"910",23490,47.450789023185,3.92814143341549,"C"
"911",23505,48.3087810010347,3.77974480909767,"C"
"912",23506,46.3173531936462,4.17557434943104,"C"
"913",23507,46.5714152834935,4.13903258105901,"C"
"914",23508,47.3085330798392,3.94390449455121,"C"
"915",23528,48.2613718021209,3.76995055005373,"C"
"916",23529,46.2763836348932,4.1794501620161,"C"
"917",23530,46.5154894864828,4.14112712646673,"C"
"918",23531,47.2374223113049,3.94476340970413,"C"
"919",23559,48.1329293959897,3.78481878456082,"C"
"920",23560,46.2536251241603,4.17652544528376,"C"
"921",23561,46.4242823161421,4.15110561357397,"C"
"922",23562,47.430400184115,3.88127246252594,"C"
"923",23594,47.9868695766087,3.79445108857127,"C"
"924",23595,46.1714443039948,4.18579145102119,"C"
"925",23596,46.3156908777443,4.1638048731554,"C"
"926",23597,47.7653295382333,3.81530530371252,"C"
"927",23633,47.9746851438825,3.78696662126058,"C"
"928",23634,46.2345068235777,4.16435579229541,"C"
"929",23635,46.3005463445465,4.15320551499129,"C"
"930",23636,45.8434396192866,4.23809437443569,"C"
"931",23671,47.9657898217078,3.79119522742427,"C"
"932",23672,46.1619834319156,4.17399439241219,"C"
"933",23673,46.2205039615549,4.16398320022339,"C"
"934",23674,45.8828222011121,4.22590451094882,"C"
"935",23712,47.9729199873109,3.7885583949124,"C"
"936",23713,46.3645264479703,4.12636843791101,"C"
"937",23714,46.1670017198753,4.169625622843,"C"
"938",23715,45.4662196032686,4.31323941529928,"C"
"939",23750,46.5379160040617,4.06360464234182,"C"
"940",23751,46.7462185832182,4.03928661104769,"C"
"941",23752,46.3541930077244,4.12254664484441,"C"
"942",23753,48.0172737633013,3.74374735591396,"C"
"943",23792,46.4658680298188,4.0698921226145,"C"
"944",23793,46.8696415842824,4.0058278191081,"C"
"945",23794,46.7605446454621,4.02701227537438,"C"
"946",23795,47.9274757057812,3.75979663115413,"C"
"947",23841,46.5819105872404,4.03537925263391,"C"
"948",23842,46.5218919542825,4.07398318186412,"C"
"949",23843,46.5605781860621,4.05832089188186,"C"
"950",23844,47.143458196004,3.93435018953022,"C"
"951",23893,46.5773581927541,4.02539588727153,"C"
"952",23894,46.6175518860395,4.04795462181627,"C"
"953",23895,46.6035269685412,4.04672217570972,"C"
"954",23896,47.1050191349563,3.93649764310504,"C"
"955",23947,48.4013921784266,3.71081581881142,"C"
"956",23948,46.5907155868999,4.04965461341966,"C"
"957",23949,46.5941605340189,4.04574178267866,"C"
"958",23950,46.3530503524178,4.0860080321553,"C"
"959",24006,48.4333437059414,3.70111844376498,"C"
"960",24007,46.5846777731381,4.04690539406192,"C"
"961",24008,46.5726495779024,4.04641399583429,"C"
"962",24009,46.4706140167504,4.06227646458192,"C"
"963",24048,48.3453390383992,3.7139460458176,"C"
"964",24049,46.5445384727334,4.04961286791084,"C"
"965",24050,46.5347828430048,4.05073348283362,"C"
"966",24051,46.4071009523345,4.07270069407567,"C"
"967",24083,48.2547051820545,3.72601888781754,"C"
"968",24084,46.5024470537196,4.05556757793789,"C"
"969",24085,46.5027917732062,4.05506480333432,"C"
"970",24086,46.4361974359935,4.0651286850901,"C"
"971",24109,48.146477777978,3.73777570215677,"C"
"972",24110,46.4740424823986,4.05924989425329,"C"
"973",24111,46.4812270677913,4.05771999705345,"C"
"974",24112,46.981694012667,3.94851771983934,"C"
"975",24129,48.0543794544205,3.74776929630074,"C"
"976",24130,46.451224347824,4.06208977035418,"C"
"977",24131,46.5304370839947,4.04661703134717,"C"
"978",24132,48.3441673269744,3.71684489618797,"C"
"979",24149,48.0544375841553,3.74150633037754,"C"
"980",24150,46.4218926746691,4.06638940010147,"C"
"981",24151,46.5144757716146,4.04783410699315,"C"
"982",24152,46.9669047493,3.9493833726461,"C"
"983",24167,48.0592783419766,3.74451249164658,"C"
"984",24168,46.4043718752794,4.06840486083235,"C"
"985",24169,46.501114959579,4.04897021478726,"C"
"986",24170,46.1801554265845,4.10895378165114,"C"
"987",24178,48.0468024601986,3.74193184262734,"C"
"988",24179,46.3964501809852,4.06862488340792,"C"
"989",24180,46.4778522277979,4.05232771875513,"C"
"990",24181,46.6972132812183,4.0015767226076,"C"
"991",24185,47.9918301130632,3.75372220188852,"C"
"992",24186,46.4125490703184,4.06400233261667,"C"
"993",24187,46.4029571258191,4.06539899070511,"C"
"994",24188,47.9767217345968,3.76019182067516,"C"
"995",24192,46.8373728803081,3.97827173388777,"C"
"996",24193,46.4323474321401,4.05938142044968,"C"
"997",24194,46.3568320550241,4.07335271347853,"C"
"998",24195,47.6270666890146,3.7951222341974,"C"
"999",24201,46.7832095992215,3.98842886644182,"C"
"1000",24202,46.4164276340604,4.06192755214705,"C"
"1001",24203,46.3869179107521,4.0672557182319,"C"
"1002",24204,47.2314835200716,3.8656042056932,"C"
"1003",24212,46.7414249445059,3.99625159457177,"C"
"1004",24213,46.3705254469055,4.07036113132269,"C"
"1005",24214,46.3954930404112,4.0653665717055,"C"
"1006",24215,47.166800777065,3.87998841810454,"C"
"1007",24226,46.7731716067272,3.99054789479308,"C"
"1008",24227,46.3704379828709,4.07008427324283,"C"
"1009",24228,46.3162893717158,4.08043070549092,"C"
"1010",24229,47.0534546295315,3.90257736455352,"C"
"1011",24242,46.793357300945,3.98611604237828,"C"
"1012",24243,46.3890477262919,4.06587836153168,"C"
"1013",24244,46.2801584969778,4.08580564427709,"C"
"1014",24245,47.0820053379713,3.89057254264327,"C"
"1015",24260,46.5919330974039,4.02425422492917,"C"
"1016",24261,46.3640402611219,4.07027273042746,"C"
"1017",24262,46.8140779719076,3.9844570547102,"C"
"1018",24263,47.1547539645817,3.86735532785658,"C"
"1019",24280,46.5905396859108,4.02495332183837,"C"
"1020",24281,46.3767294891153,4.06756499417025,"C"
"1021",24282,46.7121420170915,4.00275678508634,"C"
"1022",24283,46.8716529131077,3.93015207941008,"C"
"1023",24300,46.5356381078443,4.03559119438807,"C"
"1024",24301,46.4303195617011,4.05708214497738,"C"
"1025",24302,46.3399623680406,4.07392239116095,"C"
"1026",24303,47.0991276534695,3.87608683280369,"C"
"1027",24321,46.5300449592495,4.03763735905222,"C"
"1028",24322,46.4466562430646,4.05408327580903,"C"
"1029",24323,46.4480667606934,4.05331221476354,"C"
"1030",24324,46.9707865902317,3.90523335316016,"C"
"1031",24343,46.4564105571361,4.0525524810871,"C"
"1032",24344,46.4081896236695,4.06196388921801,"C"
"1033",24345,46.408489850562,4.06169213853196,"C"
"1034",24346,47.053606226144,3.90560276778825,"C"
"1035",24357,46.2776288406411,4.08805189032644,"C"
"1036",24358,46.2947278325654,4.08468100963241,"C"
"1037",24359,46.3386218594258,4.07575140974895,"C"
"1038",24360,47.0506193727052,3.90812355221604,"C"
"1039",24367,46.1967435274937,4.10532827166212,"C"
"1040",24368,46.1453560377405,4.11708969829517,"C"
"1041",24369,46.2234398861039,4.0915936982253,"C"
"1042",24370,46.2672267717485,4.09087524605303,"C"
"1043",24378,47.2227546948353,3.88824022678651,"C"
"1044",24379,46.2366048435065,4.08140604768826,"C"
"1045",24380,37.3230945035343,5.08743768733299,"D"
"1046",24381,46.468794480431,3.96587295361587,"C"
"1047",24390,47.2286009122638,3.88123904069518,"C"
"1048",24391,46.3947597249163,4.06470456301646,"C"
"1049",24392,39.6824408593816,4.70370244649984,"D"
"1050",24393,46.3888117500809,3.99289327433582,"C"
"1051",24405,47.1257730433448,3.89940719695462,"C"
"1052",24406,47.1436892990351,3.74488839355559,"C"
"1053",24407,37.9079424070492,5.30870013007105,"D"
"1054",24408,43.4135052996265,3.90747609010966,"C"
"1055",24420,47.0396457270668,3.91371364545825,"C"
"1056",24421,37.2625687769581,5.4684087890894,"D"
"1057",24422,36.0196022222778,5.93149504411139,"D"
"1058",24423,45.1835215143288,3.68914645542197,"C"
"1059",24432,47.0590478064924,3.89912891399421,"C"
"1060",24433,47.5073470615892,3.54623570531286,"C"
"1061",24434,39.9880850203573,4.80393640854844,"D"
"1062",24435,47.0817084372944,3.47297049629711,"C"
"1063",24442,46.4596557508405,3.99971531572081,"C"
"1064",24443,42.9884705443887,4.04856860272541,"C"
"1065",24444,37.3138545201794,5.26091220764026,"D"
"1066",24445,46.710218789985,3.8603084716682,"C"
"1067",24451,46.7809245932937,3.46434483928407,"C"
"1068",24452,40.2028766872692,4.55686595110617,"D"
"1069",24453,38.2808302757002,4.96087307284393,"D"
"1070",24454,46.6516374575157,3.8812087943915,"C"
"1071",24461,46.9093880271633,3.92625123137658,"C"
"1072",24462,46.9792146571738,3.47004189648445,"C"
"1073",24463,38.2225147409042,4.88828405357487,"D"
"1074",24464,43.1827095529223,3.77143118690516,"C"
"1075",24472,46.4259419368782,3.96033197377335,"C"
"1076",24473,46.9647210671536,3.46570199932179,"C"
"1077",24474,40.3570926544738,4.43460136450517,"D"
"1078",24475,47.0156752523529,3.47179130493162,"C"
"1079",24484,46.5153803435871,3.89524494473775,"C"
"1080",24485,46.9958527482809,3.4655951266183,"C"
"1081",24486,40.218160877821,4.43836056760576,"D"
"1082",24487,46.9920026692653,3.51737806647643,"C"
"1083",24495,46.7799630205773,3.78603838883102,"C"
"1084",24496,47.0340384634855,3.47013492395318,"C"
"1085",24497,40.3537899227944,4.37710330490002,"D"
"1086",24498,46.9332133209742,3.68276998558677,"C"
"1087",24510,46.7577282953543,3.77608011924361,"C"
"1088",24511,47.0374540331018,3.47344221698443,"C"
"1089",24512,41.2312268246248,4.11396170743577,"C"
"1090",24513,41.2946578557701,3.85321671445383,"C"
"1091",24528,46.8866441092676,3.91012788822286,"C"
"1092",24529,47.0032043691913,3.47299738800222,"C"
"1093",24530,41.6107118698595,3.93306306494103,"C"
"1094",24531,40.8471319837576,3.86030397901442,"D"
"1095",24544,46.9123293521667,3.9101004979975,"C"
"1096",24545,47.0020987455732,3.47530592534997,"C"
"1097",24546,42.2649131256445,3.8030855236583,"C"
"1098",24547,44.0237745077,3.5474714795061,"C"
"1099",24557,46.4307610151151,3.44315161920226,"C"
"1100",24558,46.4760577716198,3.4451699942568,"C"
"1101",24559,45.5660151914055,3.47010676072536,"C"
"1102",24560,46.9324321385333,3.83305732214681,"C"
"1103",24574,46.5247547456263,3.44407304555988,"C"
"1104",24575,46.4558454830387,3.44247866242092,"C"
"1105",24576,47.0778972672462,3.7906762674429,"C"
"1106",24577,47.0255606437704,3.89370561340765,"C"
"1107",24593,46.4477728527149,3.44073567565474,"C"
"1108",24594,46.4073021107297,3.43965247023355,"C"
"1109",24595,47.1200693398148,3.76555229341091,"C"
"1110",24596,47.0181082963908,3.88939629306161,"C"
"1111",24609,46.3101164593335,3.4352642416611,"C"
"1112",24610,46.2850304778615,3.43517373875962,"C"
"1113",24611,46.1587848252733,3.45056686051949,"C"
"1114",24612,47.0271878975948,3.87484777178982,"C"
"1115",24628,46.2559350035816,3.43322282709162,"C"
"1116",24629,46.243756148091,3.43303842618234,"C"
"1117",24630,46.277593587198,3.45046074527911,"C"
"1118",24631,47.0930526717977,3.83963607250698,"C"
"1119",24648,46.2866028480411,3.43473276848224,"C"
"1120",24649,46.2856859226106,3.43486449916386,"C"
"1121",24650,47.175107684924,3.56990598240157,"C"
"1122",24651,47.1041474779238,3.81154418570061,"C"
"1123",24669,46.303201226942,3.4363072891687,"C"
"1124",24670,46.2566504908022,3.43408760026544,"C"
"1125",24671,47.0754380709569,3.5435161981392,"C"
"1126",24672,47.1396136008782,3.77500415160929,"C"
"1127",24687,46.2204461295827,3.43476791431478,"C"
"1128",24688,46.1727796237982,3.4313069931282,"C"
"1129",24689,46.888627966638,3.50611536497121,"C"
"1130",24690,47.1529477201537,3.74233972694902,"C"
"1131",24706,46.0492715260138,3.42952363667965,"C"
"1132",24707,46.0474180906689,3.42794380377377,"C"
"1133",24708,46.6153523006066,3.47035832161183,"C"
"1134",24709,47.1811317666253,3.70641847871555,"C"
"1135",24723,46.257554353387,3.44018508289646,"C"
"1136",24724,46.0831632800031,3.43120654272426,"C"
"1137",24725,46.3293070957494,3.44956978989787,"C"
"1138",24726,47.2087660509581,3.64340255846498,"C"
"1139",24740,46.1954540799057,3.44143799119518,"C"
"1140",24741,45.9583199831751,3.43205751220339,"C"
"1141",24742,46.1355139936882,3.44606841440873,"C"
"1142",24743,47.1789142024999,3.60180353643383,"C"
"1143",24756,45.8746192336588,3.4431353140283,"C"
"1144",24757,45.9694189486111,3.44363421443484,"C"
"1145",24758,46.2933446488455,3.47244709252593,"C"
"1146",24759,47.1284277290927,3.56999887164289,"C"
"1147",24772,47.216753371642,3.56182953089102,"C"
"1148",24773,47.008875799365,3.5249814879663,"C"
"1149",24774,46.1494433797111,3.49321567663258,"C"
"1150",24775,46.5144062035219,3.60279798545958,"C"
"1151",24788,47.1609913981658,3.55357784018311,"C"
"1152",24789,47.0292263301255,3.52561610394604,"C"
"1153",24790,46.4177045597212,3.53412468095823,"C"
"1154",24791,46.34210773367,3.56722280696295,"C"
"1155",24805,46.4465356778535,3.60046493262628,"C"
"1156",24806,46.4861262476642,3.55639252263701,"C"
"1157",24807,46.2693224344402,3.54642758387719,"C"
"1158",24808,46.1390206715755,3.57589707027781,"C"
"1159",24822,46.356596358411,3.60097430376647,"C"
"1160",24823,46.3590761104311,3.56602088217883,"C"
"1161",24824,46.1722143545313,3.5552168905384,"C"
"1162",24825,45.833252605704,3.58516634112581,"C"
"1163",24838,46.3111591395631,3.5992290307762,"C"
"1164",24839,46.288280996528,3.57080496404372,"C"
"1165",24840,46.0953183217368,3.56320367796808,"C"
"1166",24841,45.8234139809679,3.58424778551288,"C"
"1167",24849,46.3642571274782,3.58529798766525,"C"
"1168",24850,46.1937570961918,3.57526402802543,"C"
"1169",24851,45.9878611186006,3.57299146141688,"C"
"1170",24852,46.3740742967212,3.53095381995198,"C"
"1171",24862,46.4861359532291,3.56151347567289,"C"
"1172",24863,45.7920631520373,3.62031566555929,"C"
"1173",24864,45.889040642393,3.58633751985377,"C"
"1174",24865,46.0964706388398,3.52628083743902,"C"
"1175",24874,46.4810381796347,3.55596925067326,"C"
"1176",24875,45.7914198269486,3.62061411065754,"C"
"1177",24876,45.9883490282136,3.58137208528276,"C"
"1178",24877,46.2302877965698,3.50271971291369,"C"
"1179",24888,46.4543353140721,3.55325007692221,"C"
"1180",24889,45.8162003620791,3.61737004283881,"C"
"1181",24890,46.1435153149003,3.56754905853802,"C"
"1182",24891,46.6788704224329,3.49348534787427,"C"
"1183",24904,45.8149412848256,3.61339071780111,"C"
"1184",24905,45.8906709720564,3.60599746096186,"C"
"1185",24906,45.7891974188259,3.61789935896509,"C"
"1186",24907,45.8005547490172,3.60435303668852,"C"
"1187",24921,45.5289485577326,3.64602118541906,"C"
"1188",24922,45.8475748380786,3.60870400069275,"C"
"1189",24923,45.7595836105218,3.61957907561619,"C"
"1190",24924,45.7961446848678,3.60434356308431,"C"
"1191",24937,45.5147491846686,3.64659262056168,"C"
"1192",24938,45.7221622865976,3.62335798087074,"C"
"1193",24939,45.7183907187575,3.62389486209656,"C"
"1194",24940,45.3983461232062,3.6653653644532,"C"
"1195",24951,45.5565655793005,3.6262357438961,"C"
"1196",24952,45.64525725313,3.63249574251184,"C"
"1197",24953,45.5185553375341,3.64734253756523,"C"
"1198",24965,46.7867223247476,3.47611936716544,"C"
"1199",24966,45.5550017453009,3.64291353709757,"C"
"1200",24967,45.4096943720856,3.66051196886456,"C"
"1201",24979,46.7038098620701,3.47635252909857,"C"
"1202",24980,45.4275724401332,3.65730104532918,"C"
"1203",24981,45.3306817817167,3.66798001272235,"C"
"1204",24992,46.6683871624316,3.47416949242413,"C"
"1205",24993,45.3194897384932,3.66335201303701,"C"
"1206",24994,45.311645492258,3.65990580997131,"C"
"1207",25004,46.6087082525862,3.48043229403255,"C"
"1208",25005,45.2823760216718,3.65850578152059,"C"
"1209",25006,45.3192019940079,3.64782387575463,"C"
"1210",25014,46.5581015326798,3.48691898964434,"C"
"1211",25015,45.2541761169089,3.65580212891173,"C"
"1212",25016,45.28310810878,3.64653332570444,"C"
"1213",25023,45.4875479193881,3.61856582911787,"C"
"1214",25024,45.2806786463626,3.64426719659023,"C"
"1215",25025,45.2490123905087,3.64509628148129,"C"
"1216",25032,45.4028862135743,3.62502483414517,"C"
"1217",25033,45.2458433588827,3.6434905401328,"C"
"1218",25034,45.2901354367264,3.62973432504125,"C"
"1219",25040,45.3264807139624,3.63009134262075,"C"
"1220",25041,45.252156992547,3.63810199320339,"C"
"1221",25042,45.0874716425683,3.64898305868164,"C"
"1222",25048,45.2560132347583,3.63382815794894,"C"
"1223",25049,45.2464937834966,3.63467601374453,"C"
"1224",25050,45.1639487094294,3.63381400565068,"C"
"1225",25056,45.2359610926831,3.63250434121013,"C"
"1226",25057,45.2724089417483,3.62519340136525,"C"
"1227",25058,45.1443855717492,3.63264915294468,"C"
"1228",25064,45.3052002232205,3.61967818752115,"C"
"1229",25065,45.3186493422896,3.6107688952713,"C"
"1230",25066,45.128938885705,3.62564332971239,"C"
"1231",25072,45.3688605514701,3.60564915346578,"C"
"1232",25073,45.3159362673581,3.60504004268694,"C"
"1233",25074,45.1422269986425,3.61578647639024,"C"
"1234",25080,45.3257401633118,3.59984416140408,"C"
"1235",25081,40.45296459752,5.98247783790106,"D"
"1236",25082,45.1281797590012,3.61574638549649,"C"
"1237",25088,45.286564851883,3.59817718994203,"C"
"1238",25089,45.2454686435967,3.60150779475571,"C"
"1239",25090,45.0502354953634,3.61778310926677,"C"
"1240",25096,45.2848602887712,3.59427447553918,"C"
"1241",25097,45.2340353095837,3.5993951322169,"C"
"1242",25098,45.9909246067148,3.49939701147027,"C"
"1243",25104,45.2706261688288,3.59264139573246,"C"
"1244",25105,45.2360595427958,3.59594620600746,"C"
"1245",25106,45.9420512655941,3.50382563987935,"C"
"1246",25112,45.250258744845,3.5917356266085,"C"
"1247",25113,45.2228081378294,3.59381085947451,"C"
"1248",25114,45.9107458936562,3.50623356804966,"C"
"1249",25120,45.2247440836757,3.59085993971941,"C"
"1250",25121,45.2066284923063,3.5915506883944,"C"
"1251",25122,45.9358060570718,3.50322574115068,"C"
"1252",25128,45.1833372255163,3.59205578452715,"C"
"1253",25129,45.1716271220248,3.59282572950281,"C"
"1254",25130,45.9426811635272,3.50162797410143,"C"
"1255",25136,45.1439073162547,3.59447853200564,"C"
"1256",25137,45.1191187840204,3.59707773288014,"C"
"1257",25138,45.8851210105194,3.50422605550688,"C"
"1258",25143,45.1330219256186,3.59417075022529,"C"
"1259",25144,45.089264443453,3.59945302565978,"C"
"1260",25145,45.845346523628,3.49025676178408,"C"
"1261",25150,45.1240261959296,3.5946183400913,"C"
"1262",25151,45.0519818472297,3.60354650175196,"C"
"1263",25152,45.74607852403,3.49809620664597,"C"
"1264",25155,45.0262792839891,3.60687849879566,"C"
"1265",25156,44.9882658059083,3.61175324053166,"C"
"1266",25157,45.6851181419393,3.50471702533603,"C"
"1267",25160,44.9115709483362,3.62486927789619,"C"
"1268",25161,44.9337091317719,3.62060133084849,"C"
"1269",25162,45.6628011087974,3.50635375762808,"C"
"1270",25165,44.8153751658184,3.64292512506165,"C"
"1271",25166,44.8757195269903,3.63116558174494,"C"
"1272",25167,45.6645725379005,3.50586708198962,"C"
"1273",25170,44.7325577244083,3.66005469497922,"C"
"1274",25171,44.8404421519852,3.63998179619572,"C"
"1275",25172,45.652131206366,3.50600951061488,"C"
"1276",25175,44.6302033531723,3.68219096776345,"C"
"1277",25176,44.7098683947746,3.6657765263497,"C"
"1278",25177,45.573767705391,3.51341562942188,"C"
"1279",25180,44.5853933798889,3.69677520831747,"C"
"1280",25181,44.5796786002162,3.69431149346793,"C"
"1281",25182,45.4632786723418,3.52530784911381,"C"
"1282",25185,44.4182237531968,3.73481539706253,"C"
"1283",25186,44.4533336661656,3.72268463953504,"C"
"1284",25187,45.3882604625708,3.53375286235696,"C"
"1285",25190,44.2421275473701,3.77306141433885,"C"
"1286",25191,44.431502139953,3.73266048368492,"C"
"1287",25192,45.3536141796157,3.5370182843385,"C"
"1288",25195,44.244241800953,3.77779288069467,"C"
"1289",25196,44.4034416233592,3.74341508513286,"C"
"1290",25197,45.3097864564917,3.54121755904795,"C"
"1291",25200,44.3248062671731,3.76942935231197,"C"
"1292",25201,44.2608909655028,3.77713279337775,"C"
"1293",25202,45.2056572281013,3.55352024456787,"C"
"1294",25205,44.3463398311737,3.76910869224935,"C"
"1295",25206,44.2481220500165,3.78606865958008,"C"
"1296",25207,45.1552476355021,3.55169917843359,"C"
"1297",25210,44.3282313276676,3.77684885442967,"C"
"1298",25211,44.5041778715704,3.73897731306544,"C"
"1299",25212,45.17340054657,3.55178396776451,"C"
"1300",25215,44.2383788616953,3.80145044761022,"C"
"1301",25216,44.5018433981245,3.74575055484956,"C"
"1302",25217,44.1371392068972,3.83887474366688,"C"
"1303",25220,44.2008349661497,3.81652886729969,"C"
"1304",25221,44.419855753021,3.7708417686053,"C"
"1305",25222,44.1102527019071,3.85299887182332,"C"
"1306",25228,44.1494369097721,3.835633109385,"C"
"1307",25229,44.3241617223527,3.8002601165059,"C"
"1308",25230,44.0273860297078,3.88164158998574,"C"
"1309",25236,44.1700138512873,3.83728511092534,"C"
"1310",25237,44.2356307386783,3.82724544209799,"C"
"1311",25238,43.9719353530368,3.90334757732053,"C"
"1312",25247,44.2316314655556,3.82642352747074,"C"
"1313",25248,44.2524173707654,3.82806151791757,"C"
"1314",25249,43.7856256445845,3.94949221009404,"C"
"1315",25260,44.222194242516,3.83382356113534,"C"
"1316",25261,44.317855507004,3.81294596112654,"C"
"1317",25262,45.1271063680993,3.58210935781779,"C"
"1318",25273,44.2126705612948,3.83955729235735,"C"
"1319",25274,44.334990638458,3.8095788811473,"C"
"1320",25275,45.251416171861,3.54297476509993,"C"
"1321",25286,44.2121163307469,3.84339419210576,"C"
"1322",25287,44.3564469227026,3.80616883084677,"C"
"1323",25288,45.2460848080362,3.5506935377077,"C"
"1324",25301,40.5727267773132,5.80556046851675,"D"
"1325",25302,44.3980881566417,3.80016221811253,"C"
"1326",25303,45.1729250782881,3.57121248552998,"C"
"1327",25321,44.2278332360285,3.85168053558513,"C"
"1328",25322,44.2973891144237,3.8290503563695,"C"
"1329",25323,45.0952834431567,3.58911582810715,"C"
"1330",25343,44.3006233526449,3.83368931422977,"C"
"1331",25344,44.4159281443817,3.80059631028811,"C"
"1332",25345,45.0172860585643,3.60252787803753,"C"
"1333",25367,43.8029426349452,3.98752849839105,"C"
"1334",25368,44.5843093181228,3.75818998017888,"C"
"1335",25369,45.0362619689679,3.59883698806766,"C"
"1336",25392,44.0427739282426,3.92718604280508,"C"
"1337",25393,44.0597410295785,3.92583573572975,"C"
"1338",25394,45.1088943950887,3.58643565627542,"C"
"1339",25419,44.0015941200309,3.94460802079715,"C"
"1340",25420,44.0198744392224,3.94471005603519,"C"
"1341",25421,44.6782183011121,3.74262961728502,"C"
"1342",25447,44.6198249018518,3.76190431417785,"C"
"1343",25448,44.03438881432,3.94397761163965,"C"
"1344",25449,44.3068678652129,3.86429717691225,"C"
"1345",25476,44.5902517739431,3.77273819806282,"C"
"1346",25477,44.2156718948863,3.89334258416212,"C"
"1347",25478,44.4089564362218,3.83649056421174,"C"
"1348",25505,44.5473403397565,3.79372224812412,"C"
"1349",25506,44.4338244915483,3.83374642056108,"C"
"1350",25507,44.4717521496165,3.82230339202993,"C"
"1351",25538,44.5294982559679,3.80726883585806,"C"
"1352",25539,44.4790031220336,3.8236392938862,"C"
"1353",25540,44.4696615455184,3.82396270616058,"C"
"1354",25569,44.5380615093261,3.80630528430587,"C"
"1355",25570,44.5060825464543,3.81847875814229,"C"
"1356",25571,44.5169239042542,3.81504879131948,"C"
"1357",25598,44.5191595100882,3.81430208529231,"C"
"1358",25599,44.4948730808467,3.82281064864092,"C"
"1359",25600,44.4938916488938,3.82226402442306,"C"
"1360",25613,44.5732385387207,3.81128207554649,"C"
"1361",25614,44.4812423819442,3.82782986517419,"C"
"1362",25615,44.4493500771402,3.83296598183075,"C"
"1363",25629,44.6631667820946,3.79437507719971,"C"
"1364",25630,44.4913403902611,3.82900510033702,"C"
"1365",25631,44.6552684423157,3.77086286052424,"C"
"1366",25643,44.7117034262733,3.77935645461513,"C"
"1367",25644,44.4808295517497,3.83377065086669,"C"
"1368",25645,44.5263058435073,3.75335214056233,"C"
"1369",25652,44.6499305275653,3.79444218393524,"C"
"1370",25653,44.2972612231464,3.87567436350145,"C"
"1371",25654,44.8100610166179,3.67202649041747,"C"
"1372",25658,44.696852572,3.78201544689956,"C"
"1373",25659,44.6226686683581,3.80238761821589,"C"
"1374",25660,44.8251028630435,3.67042866774507,"C"
"1375",25664,44.7336657220518,3.77293788929662,"C"
"1376",25665,44.6165639763144,3.80450136905562,"C"
"1377",25666,44.8516479747399,3.65448972712703,"C"
"1378",25670,44.7269334928936,3.77637543327991,"C"
"1379",25671,44.6139814188876,3.80240814601491,"C"
"1380",25672,44.9218582903372,3.59940589728607,"C"
"1381",25676,44.7250149354106,3.77959291201616,"C"
"1382",25677,44.9650486621101,3.65989057899198,"C"
"1383",25678,44.9232036870629,3.62085753805759,"C"
"1384",25682,40.8237927522688,5.80865666968246,"D"
"1385",25683,44.6654292622555,3.79749590369753,"C"
"1386",25684,44.911930235978,3.63864235589973,"C"
"1387",25688,44.6584524688268,3.80100515392238,"C"
"1388",25689,44.9433676991269,3.67175724489274,"C"
"1389",25690,44.9633147874528,3.61221266864526,"C"
"1390",25694,44.5358372440481,3.82774465581317,"C"
"1391",25695,44.5482028896566,3.82116035843923,"C"
"1392",25696,44.9680928167655,3.63482253474328,"C"
"1393",25700,44.3127901497717,3.86989901153604,"C"
"1394",25701,44.3427223971404,3.85869125109312,"C"
"1395",25702,44.216531611723,3.88921899125215,"C"
"1396",25706,43.9610363436284,3.87661139866646,"C"
"1397",25707,44.039557957847,3.83655388433195,"C"
"1398",25708,44.8148510936483,3.68585071310865,"C"
"1399",25712,43.8155806921836,3.81210319810351,"C"
"1400",25713,41.6978928098999,4.09359005174828,"C"
"1401",25714,43.7918452416469,3.78431587877523,"C"
"1402",25718,43.5478529445398,3.77659773663174,"C"
"1403",25719,42.4892671642563,3.69530745642329,"C"
"1404",25723,43.4488957276299,3.75421692586571,"C"
"1405",25724,42.4922906853495,3.70981892301169,"C"
"1406",25728,43.7324889303388,3.72217593839272,"C"
"1407",25729,43.3942026377104,3.7069707241347,"C"
"1408",25733,41.8469643430787,3.46075243779636,"C"
"1409",25734,44.6443058696849,3.68720351041302,"C"
"1410",25738,42.1163814278635,3.43808777109007,"C"
"1411",25739,43.8031835653002,3.6140628120024,"C"
"1412",25743,42.3303628808663,3.42147158664251,"C"
"1413",25744,42.3760704964855,3.3880886892269,"C"
"1414",25748,43.8949632515661,3.55295953216095,"C"
"1415",25749,42.379983807203,3.37291429073662,"C"
"1416",25753,42.5772787728985,3.34897814071313,"C"
"1417",25754,42.4536736802759,3.36424165718461,"C"
"1418",25758,42.6838784173154,3.34612299160666,"C"
"1419",25759,43.7509312042761,3.47920668889496,"C"
"1420",25763,42.8776489769975,3.34952031409124,"C"
"1421",25764,44.5363360861105,3.63129765112927,"C"
"1422",25768,43.707631473873,3.39259441720147,"C"
"1423",25769,43.3404519379181,3.36120460028384,"C"
"1424",25773,43.8386354885526,3.41150881380192,"C"
"1425",25774,38.8055810246536,3.6661751077291,"D"
"1426",25778,44.5186037895205,3.6030046670584,"C"
"1427",25779,39.2315548152913,3.69142253712829,"D"
"1428",25783,44.4461805569261,3.57916821612957,"C"
"1429",25784,39.5502583224355,3.69586323215992,"D"
"1430",25788,40.7594610003501,3.60493904602222,"D"
"1431",25789,39.9357425068318,3.66740166879554,"D"
"1432",25793,40.069981201718,3.80927858546137,"D"
"1433",25794,40.3315897177194,3.77772288591301,"D"
"1434",25798,39.6519905037055,3.97039968491885,"D"
"1435",25799,39.5528772964484,4.03951523787843,"D"
"1436",25803,29.6616671497544,8.02794114222349,"D"
"1437",25804,29.5710146901907,7.92776411221897,"D"
"1438",25808,29.7155933082451,8.13559773331528,"D"
"1439",25809,29.7317162323249,8.01305150124465,"D"
"1440",25813,29.3417745455682,8.28479965047359,"D"
"1441",25814,29.7620489360084,8.09838982619597,"D"
"1442",25818,29.6988214271197,8.39534686738641,"D"
"1443",25819,29.7828684002394,8.14921021073117,"D"
"1444",25823,29.9672593366251,7.90089476637658,"D"
"1445",25824,29.79305623462,8.00020988844534,"D"
"1446",25827,37.6902137391931,4.71504486102015,"D"
"1447",25828,38.0489529164053,4.60318976734743,"D"
"1448",25831,30.8685028464934,5.42154333327308,"D"
"1449",25832,31.0161111859114,5.5176683185232,"D"
"1450",25835,30.7886368363408,5.46173259901431,"D"
"1451",25836,30.9586011975536,5.65495354418054,"D"
"1452",25839,30.6900912287475,5.23608628524549,"D"
"1453",25840,36.8033988170129,4.72487102468311,"D"
"1454",25843,30.7744301080343,5.03995385000141,"D"
"1455",25844,43.9736476609843,3.30070879206124,"C"
"1456",25847,30.8276030909352,5.02432321641039,"D"
"1457",25848,43.9521849438557,3.29656896131443,"C"
"1458",25851,37.078355843345,4.67680541661164,"D"
"1459",25852,43.8527352350623,3.28087241419283,"C"
"1460",25855,39.6776580869791,3.95583009049407,"D"
"1461",25856,39.6710486451892,3.9094086704948,"D"
"1462",25860,39.7112261471104,3.90604668111815,"D"
"1463",25861,39.8531391149945,3.84019482531806,"D"
"1464",25865,40.2133828880524,3.77602778329723,"D"
"1465",25866,40.0556275474009,3.77897261280335,"D"
"1466",25870,40.2379480176694,3.7485545416942,"D"
"1467",25871,40.7605890775109,3.63797463186645,"D"
"1468",25875,43.6363644159455,3.28454174104864,"C"
"1469",25876,41.8354597956948,3.4624011466698,"C"
"1470",25880,43.5544044068782,3.26265169257464,"C"
"1471",25881,42.3251627068411,3.39305517476363,"C"
"1472",25885,43.51217449682,3.2625352955424,"C"
"1473",25886,42.4332619691473,3.3720746249172,"C"
"1474",25890,42.1803902076153,3.36483031023417,"C"
"1475",25891,42.3733627794949,3.36923245176465,"C"
"1476",25895,42.0479928261362,3.36065221681338,"C"
"1477",25896,42.2934775178399,3.36750326732715,"C"
"1478",25900,42.1066983340179,3.36025764767713,"C"
"1479",25901,42.2173267579398,3.36602234762241,"C"
"1480",25905,42.0397006874268,3.35875231982571,"C"
"1481",25906,42.1199619411668,3.36324267795037,"C"
"1482",25910,41.9879657661181,3.35808165331881,"C"
"1483",25911,42.041152652731,3.35994441309999,"C"
"1484",25915,38.6046762560327,5.0898319652028,"D"
"1485",25916,41.9949245857065,3.35471201070097,"C"
"1486",25920,41.961497293618,3.35126125837133,"C"
"1487",25921,42.0840250479053,3.34133581409146,"C"
"1488",25925,41.8932340055045,3.34119432526729,"C"
"1489",25926,41.8976805775989,3.32987218872561,"C"
"1490",25930,41.8045924789523,3.32734721346116,"C"
"1491",25931,41.6435289740812,3.31882957788515,"C"
"1492",25935,41.8766819319203,3.31491955197667,"C"
"1493",25936,41.542647514425,3.31178788200487,"C"
"1494",25940,42.6768790777156,3.28064631981173,"C"
"1495",25941,42.6206687540331,3.2677940973196,"C"
"1496",25946,42.6358368842899,3.26550316758481,"C"
"1497",25947,42.6011968454163,3.26544928683799,"C"
"1498",25952,42.197285937474,3.27248424206267,"C"
"1499",25953,42.5358859638146,3.27422572865825,"C"
"1500",25958,42.1707797004176,3.26782028665882,"C"
"1501",25959,42.3934368372086,3.26996621752339,"C"
"1502",25966,41.0120799991955,3.30838125113534,"C"
"1503",25967,40.2199673876002,3.3832891188921,"D"
"1504",25974,40.5510906773821,3.34754670070726,"D"
"1505",25975,39.4932871996729,3.48519553215103,"D"
"1506",25982,40.2613362889684,3.37970353406869,"D"
"1507",25983,39.6121320689404,3.46565591992855,"D"
"1508",25990,40.0468362614385,3.40665967314838,"D"
"1509",25991,39.5623671359051,3.47363628606576,"D"
"1510",25998,40.0659880357084,3.40344790600992,"D"
"1511",25999,39.4758992486506,3.48716072781426,"D"
"1512",26005,40.1609589282057,3.39028234256114,"D"
"1513",26006,39.4881624954706,3.48358169984023,"D"
"1514",26012,40.1049655647729,3.39496731493905,"D"
"1515",26013,39.6502341414235,3.45228809457643,"D"
"1516",26019,40.2111726166666,3.37926404012794,"D"
"1517",26020,39.9849357535522,3.40176694271505,"D"
"1518",26026,40.2776379344888,3.36933295097228,"D"
"1519",26027,39.9222962280942,3.40703740064799,"D"
"1520",26033,40.3093199038898,3.3628421847943,"D"
"1521",26034,41.2444007174226,3.27459205377719,"C"
"1522",26040,40.224250519409,3.37033290615908,"D"
"1523",26041,42.359209724033,3.25081527095675,"C"
"1524",26047,40.0784178195766,3.3860385568634,"D"
"1525",26048,42.3453240577895,3.24558844268873,"C"
"1526",26054,41.3531139646726,3.27104959241775,"C"
"1527",26055,40.9049366897809,3.29324915992806,"D"
"1528",26061,41.3474158730234,3.2703293492668,"C"
"1529",26062,40.8979863104763,3.29215362412492,"D"
"1530",26068,41.3583775065801,3.26809281632388,"C"
"1531",26069,40.8392155547087,3.29425301168186,"D"
"1532",26075,41.2945311503882,3.26914181852764,"C"
"1533",26076,40.8709706146937,3.29036840046602,"D"
"1534",26081,41.1960634776672,3.27219120588858,"C"
"1535",26082,40.7847926417554,3.29532691347828,"D"
"1536",26085,41.0824888658066,3.27669789266619,"C"
"1537",26086,40.6549681067372,3.30442557939377,"D"
"1538",26089,40.9545833151537,3.28315833374202,"D"
"1539",26090,40.5242472709695,3.31479493926315,"D"
"1540",26095,40.835490184446,3.29018956766341,"D"
"1541",26096,40.4297149819197,3.32284146830637,"D"
"1542",26103,40.7432905185168,3.2960567714137,"D"
"1543",26104,40.3534075384244,3.32961797790816,"D"
"1544",26111,40.6503646264478,3.30242156282153,"D"
"1545",26112,40.2865220321699,3.33564290076143,"D"
"1546",26122,40.5231842961874,3.31278855015268,"D"
"1547",26123,40.1982758701908,3.34451555642286,"D"
"1548",26136,40.4331728199329,3.32015277491723,"D"
"1549",26137,40.0593887157837,3.35989991588149,"D"
"1550",26151,40.1744112768164,3.34725324607171,"D"
"1551",26152,39.9905298800021,3.36817130013568,"D"
"1552",26166,40.235441544241,3.33945165333524,"D"
"1553",26167,39.9301457952134,3.3756402570079,"D"
"1554",26182,40.0940845936739,3.35528763422782,"D"
"1555",26183,39.8607500983106,3.38463345232231,"D"
"1556",26200,40.0705681269117,3.35798294634464,"D"
"1557",26201,39.8253076016094,3.38938327011949,"D"
"1558",26221,39.9819062396499,3.36880657866024,"D"
"1559",26222,39.8249906960646,3.38935611552221,"D"
"1560",26245,39.9560702673584,3.37189544134918,"D"
"1561",26246,40.0796037183137,3.35543503953709,"D"
"1562",26269,41.3720293872262,3.22647435081377,"C"
"1563",26270,40.0574593687018,3.35797944051343,"D"
"1564",26281,41.3186794797109,3.22893574782445,"C"
"1565",26282,40.0394076282876,3.36020758838317,"D"
"1566",26291,40.068309209922,3.35877929519178,"D"
"1567",26292,40.1831321450132,3.34373728755924,"D"
"1568",26301,40.0557805382648,3.36148202417581,"D"
"1569",26302,40.2438181668453,3.33606312044149,"D"
"1570",26313,39.8266987778015,3.40050085647125,"D"
"1571",26314,40.0125738609677,3.36840710259253,"D"
"1572",26326,39.4645555982932,3.48639847218681,"D"
"1573",26327,39.746527234377,3.4399360747978,"D"
"1574",26342,40.6583479125228,3.2692384423738,"D"
"1575",26343,40.2291526733897,3.38939560228151,"D"
"1576",26362,40.7596757930731,3.24380908002257,"D"
"1577",26363,40.9346527004263,3.24343214092445,"D"
"1578",26384,40.6604159569277,3.24831245868163,"D"
"1579",26385,40.8920304279537,3.24440360883641,"D"
"1580",26405,40.562084388049,3.25400758770295,"D"
"1581",26406,39.9648701130057,3.2308160047659,"D"
"1582",26430,40.5250303424091,3.25244588026909,"D"
"1583",26431,40.3085723702452,3.25956467429174,"D"
"1584",26459,40.413088569551,3.25957921976417,"D"
"1585",26460,40.1847728309112,3.27450136401335,"D"
"1586",26488,40.2647310732377,3.2708632226166,"D"
"1587",26489,39.8803961531235,3.32125033070949,"D"
"1588",26513,40.0975483098503,3.29289269264268,"D"
"1589",26514,39.8890117290222,5.52347359261268,"D"
"1590",26531,39.7869461142355,3.33444917066583,"D"
"1591",26532,39.7647245011515,3.34500918545707,"D"
"1592",26546,40.0316567517306,3.25808727032926,"D"
"1593",26547,37.6785373406165,3.74070137351426,"D"
"1594",26562,39.9010458288417,3.24871417335689,"D"
"1595",26563,39.8146576220221,3.2627388311403,"D"
"1596",26569,39.8469953235964,3.25428512198751,"D"
"1597",26570,39.5468264147007,3.29037257752899,"D"
"1598",26573,39.7406456061816,3.2649003724915,"D"
"1599",26574,39.2489684782995,3.32579546370421,"D"
"1600",26577,39.5678269626017,3.28257958022469,"D"
"1601",26578,38.9351744798931,3.36965250740496,"D"
"1602",26581,39.3173543603656,3.30936116574072,"D"
"1603",26582,38.73241916443,3.39548309925188,"D"
"1604",26585,39.2012788577134,3.33166004745075,"D"
"1605",26586,38.9364175945382,3.37205512121431,"D"
"1606",26589,39.0217376189332,3.35823412489408,"D"
"1607",26590,38.7721309661489,3.39951848585095,"D"
"1608",26593,38.7769602688443,3.39866274579926,"D"
"1609",26594,38.6099678685763,3.43006147583494,"D"
"1610",26597,38.5721616777857,3.43650032127844,"D"
"1611",26598,38.4957825979029,3.45425308580195,"D"
"1612",26601,38.4089224240436,3.47032525639315,"D"
"1613",26602,38.4591167404927,3.4660078331907,"D"
"1614",26605,38.2626269600633,3.50324796607608,"D"
"1615",26606,38.4274181775956,3.47667610129866,"D"
"1616",26609,38.1495427296738,3.52937155027314,"D"
"1617",26610,38.3548549397874,3.49468749759243,"D"
"1618",26613,38.0917440213297,3.54234766604088,"D"
"1619",26614,38.1584097144551,3.53353358298071,"D"
"1620",26617,38.0653466478772,3.54687033109417,"D"
"1621",26618,37.89630397297,3.58646935077266,"D"
"1622",26621,38.0242907494955,3.55491707439398,"D"
"1623",26622,37.8101501601555,3.60317215131912,"D"
"1624",26625,37.9515204561044,3.56992078333684,"D"
"1625",26626,37.7578937052469,3.61353457949055,"D"
"1626",26629,37.8566194392394,3.59037718851914,"D"
"1627",26630,37.6166836239371,3.64463855528427,"D"
"1628",26633,37.7892219971377,3.60555337551643,"D"
"1629",26634,37.6067486440922,3.64702809236544,"D"
"1630",26637,37.7719691652685,3.61402897588682,"D"
"1631",26638,37.5948729069933,3.65159132308356,"D"
"1632",26641,37.7480911477115,3.62386212348537,"D"
"1633",26642,37.5535007206545,3.66455080759665,"D"
"1634",26645,37.7339584615555,3.63120184529113,"D"
"1635",26646,37.5344104064893,3.67270532763064,"D"
"1636",26649,37.6903579442103,3.6445895476111,"D"
"1637",26650,37.4148088632567,3.70489650779673,"D"
"1638",26653,37.5868467555226,3.67066004477374,"D"
"1639",26654,37.1912704142329,3.76308716789296,"D"
"1640",26657,37.3639127051067,3.72600596918432,"D"
"1641",26658,36.844957430221,3.85848163627394,"D"
"1642",26661,36.928638368002,3.84590173984389,"D"
"1643",26662,36.4319538369067,4.00327065133339,"D"
"1644",26665,36.7171390026079,3.91838125625748,"D"
"1645",26666,36.9680041603595,3.88416370436642,"D"
"1646",26669,36.5451397999053,3.97508189770476,"D"
"1647",26670,37.6401679946468,3.72349396262522,"D"
"1648",26673,37.7479471546968,3.5888226767464,"D"
"1649",26674,37.7657072100648,3.5826224222856,"D"
"1650",26677,35.4543023660474,4.33483542705235,"D"
"1651",26678,36.0814396364763,4.14990800494671,"D"
"1652",26681,37.6910518341898,3.58752670553183,"D"
"1653",26682,37.5434039757282,3.6173419223666,"D"
"1654",26685,37.6647530009963,3.53254445831792,"D"
"1655",26686,37.2396095809333,3.65937402124666,"D"
"1656",26689,37.5739712178465,3.54541386774382,"D"
"1657",26690,36.7478809206203,3.72133263075478,"D"
"1658",26693,37.4038094084057,3.58560321177851,"D"
"1659",26694,36.1679628941144,3.90395930634144,"D"
"1660",26697,36.0374790486118,4.78409134733496,"D"
"1661",26698,38.4339997246509,5.43967805521688,"D"
"1662",26701,36.0418153053123,4.70376861111803,"D"
"1663",26702,35.9846175099372,4.70079962530431,"D"
"1664",26705,36.6962781994163,3.79701128947346,"D"
"1665",26706,36.4110316775578,3.86861338029883,"D"
"1666",26709,36.4501433225157,3.8546627115164,"D"
"1667",26710,36.2223749229473,3.91541375566366,"D"
"1668",26713,36.208041873961,3.9218723485508,"D"
"1669",26714,35.8781894229112,4.02222946886503,"D"
"1670",26717,35.7555254376863,4.05355231788218,"D"
"1671",26718,35.2191745930259,4.23082341064958,"D"
"1672",26721,35.4441946043745,4.1538769161215,"D"
"1673",26722,35.2019404178462,4.23573844411189,"D"
"1674",26725,35.3473147638115,4.18637958779182,"D"
"1675",26726,35.2989693710009,4.20328827638686,"D"
"1676",26729,35.4339739693155,4.15009227728312,"D"
"1677",26730,35.4460670243526,4.14542637597098,"D"
"1678",26733,35.4512121114167,4.13995092571512,"D"
"1679",26734,35.4354943813833,4.14228413139682,"D"
"1680",26737,35.5371094025378,4.12726271038182,"D"
"1681",26738,35.4208183699167,4.12356533211358,"D"
"1682",26741,35.3642876898036,4.17492325862754,"D"
"1683",26742,35.0194705365396,4.25954535204674,"D"
"1684",26745,35.2821018067748,4.17588390824375,"D"
"1685",26746,34.9715396191027,4.26909689595081,"D"
"1686",26749,35.2599735746285,4.17988468560786,"D"
"1687",26750,34.8484578533876,4.30794552078775,"D"
"1688",26753,35.1848701119922,4.20335959850212,"D"
"1689",26754,34.6549667658432,4.36990502226598,"D"
"1690",26757,35.0494696143519,4.24541369075549,"D"
"1691",26758,34.2785029308771,4.49339313420538,"D"
"1692",26761,34.8330395549593,4.3135859364261,"D"
"1693",26762,33.917321157073,4.61897207011589,"D"
"1694",26765,34.5599232094386,4.40277390692945,"D"
"1695",26766,33.8973325825822,4.64535217059586,"D"
"1696",26769,34.3123368356454,4.49722679234717,"D"
"1697",26770,34.1003449669596,4.67105338336796,"D"
"1698",26773,34.2557041624679,4.65154600532341,"D"
"1699",26774,34.3491760719764,4.7355639302992,"D"
"1700",26777,34.2881023834109,5.000713454142,"D"
"1701",26778,34.3879615443058,4.99218136178157,"D"
"1702",26781,34.3207683235538,5.01120423560068,"D"
"1703",26782,34.5560630089806,5.11925212169641,"D"
"1704",26785,34.2987266501711,5.09582923227029,"D"
"1705",26786,34.7063088989465,5.24363733136789,"D"
"1706",26789,34.4711900476402,5.27902122119295,"D"
"1707",26790,34.826071390072,5.30006952198103,"D"
"1708",26794,34.6252681171466,5.18448481261955,"D"
"1709",26795,34.9358978209977,5.26380545458632,"D"
"1710",26802,34.8716534032599,5.16371425167585,"D"
"1711",26803,35.1601057208848,5.24391996608932,"D"
"1712",26813,35.8829523558641,5.41355541112643,"D"
"1713",26814,35.7535849119598,5.34161483130538,"D"
"1714",26827,35.8675429391806,5.40585776092235,"D"
"1715",26828,35.7096320455075,5.31121065127522,"D"
"1716",26847,35.8441205690529,5.38773424646271,"D"
"1717",26848,35.7428997465464,5.3225336638832,"D"
"1718",26872,35.6610125883756,5.25653313167767,"D"
"1719",26873,35.6092600331514,5.21606725239665,"D"
"1720",26893,35.6034122093482,5.22057481767157,"D"
"1721",26894,35.5786829015492,5.19344886082279,"D"
"1722",26907,35.5931229630499,5.13412423687034,"D"
"1723",26908,35.5678051637869,5.28489659553549,"D"
"1724",26921,35.4925946996169,5.27309624816385,"D"
"1725",26922,35.5384894687994,5.29709980580234,"D"
"1726",26933,35.5219421961307,5.24632645631905,"D"
"1727",26934,35.5592480466509,5.27899686288949,"D"
"1728",26944,35.5548437442619,5.10477095714743,"D"
"1729",26945,35.6229171241668,5.12919536694879,"D"
"1730",26954,35.550735167913,5.12521130294191,"D"
"1731",26955,35.6599622287302,5.14733962040035,"D"
"1732",26966,36.6268717805934,5.55791545640985,"D"
"1733",26967,36.4962753510217,5.53238200632335,"D"
"1734",26975,35.4926397522133,5.12031010881524,"D"
"1735",26976,35.6227654582947,5.13840744059877,"D"
"1736",26984,35.439047036001,4.87707886785158,"D"
"1737",26985,35.3853008325054,4.87962208609831,"D"
"1738",26993,35.4149620924699,4.8855371573169,"D"
"1739",26994,35.3471339864266,4.89406093017453,"D"
"1740",27003,35.3863115313811,4.89134942288203,"D"
"1741",27004,35.2980989473051,4.9103826551403,"D"
"1742",27013,35.3485025492133,4.899423482953,"D"
"1743",27014,35.2390621472847,4.9303480656297,"D"
"1744",27020,35.3131150121399,4.90875977914011,"D"
"1745",27021,35.1809739615064,4.95241501488241,"D"
"1746",27025,35.2684772200986,4.92236861366997,"D"
"1747",27026,35.1217528862633,4.97817254867305,"D"
"1748",27029,35.2142471158013,4.94100770431757,"D"
"1749",27030,35.0568891956977,5.01120661455063,"D"
"1750",27032,35.1504536459428,4.96728505630362,"D"
"1751",27033,34.9878097106493,5.04857665950815,"D"
"1752",27035,35.0878282605885,4.99218742346387,"D"
"1753",27036,34.9229807799645,5.08359438277771,"D"
"1754",27038,35.0310507520763,5.02071224513633,"D"
"1755",27039,34.8607327459387,5.11654665411083,"D"
"1756",27041,34.9903616708047,5.05402714560061,"D"
"1757",27042,34.8180564896482,5.14022245924052,"D"
"1758",27044,34.9291955161597,5.08354686089232,"D"
"1759",27045,34.7650189471248,5.17046246718069,"D"
"1760",27047,34.866260200244,5.1178920167641,"D"
"1761",27048,34.7110907407568,5.20249288930089,"D"
"1762",27050,34.7947452646424,5.15904776697376,"D"
"1763",27051,34.634581269928,5.24794979620705,"D"
"1764",27053,34.7090987404908,5.20742834830521,"D"
"1765",27054,34.5471302415142,5.29997129923652,"D"
"1766",27056,34.6327219705994,5.25064869623692,"D"
"1767",27057,34.5389344245249,5.30471369390932,"D"
