"","grid.cell","pred_FCI","FCI.se","grade"
"1",19337,51.724448432385,4.03376545223284,"C"
"2",19338,51.9281022071244,4.05627049586057,"C"
"3",19339,51.9963074217829,4.06365579701423,"C"
"4",19646,51.5699829764064,4.01765564650055,"C"
"5",19647,51.8314086911357,4.04476865807619,"C"
"6",19648,51.9162594316826,4.05385163129653,"C"
"7",21708,50.3698978161098,3.95725483760849,"C"
"8",21709,49.8578680445002,3.95273072523653,"C"
"9",21710,49.4544484062424,3.96058247168351,"C"
"10",21711,49.2490998208269,3.96884707385779,"C"
"11",21714,45.238379519433,4.56091510916534,"C"
"12",21726,50.2024376520497,3.95413086493055,"C"
"13",21727,49.8948838880576,3.95261387482418,"C"
"14",21728,49.4763441060699,3.95936565517607,"C"
"15",21729,49.2203057869809,3.96871107940575,"C"
"16",21732,44.4749289256032,4.74634528266157,"C"
"17",21744,49.9836499007084,3.95230919824808,"C"
"18",21745,49.7060573057306,3.95382698716721,"C"
"19",21746,49.3589643543564,3.9621863848863,"C"
"20",21747,49.1724614895813,3.96973948730706,"C"
"21",21750,43.9331091117603,4.89005912170553,"C"
"22",21759,49.807876978137,3.95293956983882,"C"
"23",21760,49.5297053700312,3.95687372762595,"C"
"24",21761,49.2580062440475,3.96536285476737,"C"
"25",21762,49.1576357964503,3.96976528450968,"C"
"26",21765,43.9444244905627,4.88641760625114,"C"
"27",21774,49.678110137514,3.95473791158901,"C"
"28",21775,49.433264536039,3.95949953630195,"C"
"29",21776,49.2314438359753,3.96634152253414,"C"
"30",21777,49.1592831116209,3.96946834485111,"C"
"31",21780,44.502165612695,4.73688996767336,"C"
"32",21789,49.6242055035916,3.9559601642418,"C"
"33",21790,49.4337362850041,3.9598344437993,"C"
"34",21791,49.28916377862,3.96438629895499,"C"
"35",21792,49.1701583044173,3.96909836012191,"C"
"36",21795,45.5085140355974,4.49336869299908,"C"
"37",21804,49.5994537649908,3.95664535955526,"C"
"38",21805,49.4633315390602,3.95933855122513,"C"
"39",21806,49.3396097305976,3.96288058457293,"C"
"40",21807,49.2105741315765,3.96760104897328,"C"
"41",21810,46.2279877889037,4.34256957553374,"C"
"42",21811,48.0333994558136,4.06376835744642,"C"
"43",21812,47.9219339871035,4.07739758142071,"C"
"44",21821,49.5786114738763,3.95723120752201,"C"
"45",21822,49.4643910129677,3.95955871951162,"C"
"46",21823,49.3629790318945,3.9623333325883,"C"
"47",21824,49.247671583771,3.96633671425498,"C"
"48",21827,47.4284369335728,4.14087082999006,"C"
"49",21828,48.8491395963751,3.99142715250555,"C"
"50",21829,48.0619909049967,4.06246195451076,"C"
"51",21830,48.8215617708488,3.99167140520321,"C"
"52",21831,49.1258127761535,3.97333772282074,"C"
"53",21832,47.9082501661272,4.08065237458271,"C"
"54",21833,48.1890193980554,4.04899433175148,"C"
"55",21842,49.5376972962415,3.95830715232062,"C"
"56",21843,49.4364564864244,3.96056298404314,"C"
"57",21844,49.3325133606863,3.96358113967174,"C"
"58",21845,49.2352186154811,3.96709061386641,"C"
"59",21848,48.5306501887709,4.01774016077875,"C"
"60",21849,49.1993451198754,3.971786544795,"C"
"61",21850,48.5860940274634,4.01278182414199,"C"
"62",21851,49.2611763744618,3.96728460566603,"C"
"63",21852,48.5644634229762,4.01404433747025,"C"
"64",21853,49.1574170532915,3.9709117879483,"C"
"65",21854,49.2764836812113,3.96594499614852,"C"
"66",21855,49.3832278515113,3.96243870950606,"C"
"67",21856,47.8781413517429,4.08380318400995,"C"
"68",21857,48.1556509436342,4.05206139833102,"C"
"69",21858,48.4614383499988,4.02219663437465,"C"
"70",21867,49.4785356957611,3.96006456606175,"C"
"71",21868,49.3786261609433,3.96361048946875,"C"
"72",21869,48.8060525562295,3.97448032887475,"C"
"73",21871,49.0595627260274,3.97971725500898,"C"
"74",21872,49.3659084160902,3.96516041114909,"C"
"75",21873,49.0016127353108,3.98274175917311,"C"
"76",21874,49.358561709922,3.96385246622994,"C"
"77",21875,48.877043260409,3.99020107779454,"C"
"78",21876,48.7323473419544,3.99986429952984,"C"
"79",21877,47.8995309969128,4.08009568275016,"C"
"80",21878,48.1283659505323,4.05409539639657,"C"
"81",21879,48.3768332652668,4.02914825970373,"C"
"82",21880,48.6075356538428,4.00895202486704,"C"
"83",21889,49.3932153642996,3.96289387623094,"C"
"84",21890,49.329761584776,3.96547520964893,"C"
"85",21891,49.3926023838679,3.96300247222745,"C"
"86",21892,48.7502412128152,3.97677116340941,"C"
"87",21893,48.4956355213169,3.99019318228408,"C"
"88",21894,47.9390408696306,4.07404752073893,"C"
"89",21895,48.1169237073295,4.05447730428183,"C"
"90",21896,48.3073901227092,4.03511873298129,"C"
"91",21897,48.497514895726,4.0176231172842,"C"
"92",21906,49.393124542203,3.96313443989877,"C"
"93",21907,49.3150371229761,3.96608612286304,"C"
"94",21908,48.6782793958919,3.98000692901503,"C"
"95",21909,48.52262957849,3.98834293531486,"C"
"96",21910,47.9948476958983,4.06703625480596,"C"
"97",21911,48.1084947038137,4.05475235652564,"C"
"98",21912,48.2417518463916,4.04102924800305,"C"
"99",21913,48.3948104216125,4.02633211178796,"C"
"100",21922,49.3610362696281,3.96436938032546,"C"
"101",21923,49.2482776278,3.96881383289704,"C"
"102",21924,48.5677542742688,3.9849431677488,"C"
"103",21926,48.0275075541032,4.06380184525972,"C"
"104",21927,48.1107153778203,4.05441378206712,"C"
"105",21928,48.2087301211767,4.04411430975272,"C"
"106",21929,48.3326568759955,4.03185252265881,"C"
"107",21936,49.3104098850264,3.9663012542717,"C"
"108",21937,49.179436509973,3.97184224709528,"C"
"109",21940,48.0566004381448,4.06402872073284,"C"
"110",21941,48.1076938146291,4.05752623480838,"C"
"111",21942,48.1927599174867,4.04709352091249,"C"
"112",21943,48.3061827914369,4.03460130041776,"C"
"113",21950,49.2532045668764,3.96862055143839,"C"
"114",21951,49.1270593047597,3.97432117048756,"C"
"115",21954,48.2473876516099,4.09029739470751,"C"
"116",21955,48.1949237551642,4.06478668123906,"C"
"117",21956,48.5644679338844,4.09291254426355,"C"
"118",21957,48.2551155318872,4.0471003585234,"C"
"119",21958,48.3448107629698,4.03147348620313,"C"
"120",21965,49.2086757458637,3.97057782043049,"C"
"121",21966,49.1424203196504,3.9737338666603,"C"
"122",21968,48.3603320930555,4.09488489898252,"C"
"123",21969,48.2493896048595,4.06626157504076,"C"
"124",21970,48.8678645581443,4.07875555255427,"C"
"125",21971,48.3373643023857,4.04192497822488,"C"
"126",21972,48.7620616786969,4.08029296045804,"C"
"127",21973,49.2040611393082,4.06455163355221,"C"
"128",21975,48.4119540625535,4.0256898662875,"C"
"129",21982,49.1668481620678,3.97248154199066,"C"
"130",21983,49.1147743359425,3.9750649023301,"C"
"131",21985,48.1950368677034,4.09450931308758,"C"
"132",21986,48.2665050896786,4.06131838707541,"C"
"133",21987,48.3799612298893,4.0389308230227,"C"
"134",21988,48.4261548147215,4.02508283537047,"C"
"135",21997,47.1795272838743,4.14431400903595,"C"
"136",21998,49.1371969732288,3.97392143721297,"C"
"137",21999,49.1365391266616,3.97417991195571,"C"
"138",22001,48.0845429146056,4.10000715730318,"C"
"139",22002,48.2323372176754,4.06351146361705,"C"
"140",22003,48.3689919599018,4.04031629029487,"C"
"141",22004,48.4086277073287,4.02744731024096,"C"
"142",22012,46.7920108110263,4.20555925697793,"C"
"143",22013,49.1418014467109,3.9738269587212,"C"
"144",22014,49.1844875101124,3.97221103714776,"C"
"145",22016,47.9817069973898,4.10765779711204,"C"
"146",22017,48.1795583501352,4.06788628517557,"C"
"147",22018,48.3299577533626,4.0433866170141,"C"
"148",22019,48.3889240057797,4.02994731426631,"C"
"149",22027,46.4630528336036,4.26307031933748,"C"
"150",22028,49.1393910985331,3.97400620826739,"C"
"151",22029,49.1931507219954,3.97189869400811,"C"
"152",22031,47.8853725002956,4.1165191997705,"C"
"153",22032,48.104774689166,4.0766711794538,"C"
"154",22033,48.271045253801,4.04982736437897,"C"
"155",22034,48.3560754670223,4.03423438395855,"C"
"156",22042,46.2252893305607,4.30751845726357,"C"
"157",22043,49.1267872212674,3.97461681824775,"C"
"158",22044,49.180192559815,3.97246066870631,"C"
"159",22046,48.2451093725302,4.09120845134609,"C"
"160",22047,48.2428258598411,4.06992119576581,"C"
"161",22048,49.4274615743885,4.08115948015019,"C"
"162",22049,48.2469035081832,4.05720777024278,"C"
"163",22050,48.3107228727049,4.04142984171525,"C"
"164",22056,46.1272230166772,4.32615620877276,"C"
"165",22057,49.1157679363052,3.97515843074697,"C"
"166",22058,49.1698830904026,3.97291017874101,"C"
"167",22060,48.2906129285206,4.09072647601163,"C"
"168",22061,48.3683011018386,4.060408180613,"C"
"169",22062,49.2344713059616,4.08326147876344,"C"
"170",22063,48.3003655944506,4.05550983004593,"C"
"171",22064,49.8359719350712,4.0777525141795,"C"
"172",22065,49.7809223361301,4.07231883828301,"C"
"173",22066,48.3147777056221,4.04268855781977,"C"
"174",22070,46.15617169692,4.31963528726764,"C"
"175",22071,49.1079376868941,3.97554794353973,"C"
"176",22072,49.1649610050288,3.97312548379033,"C"
"177",22074,48.1952541416615,4.09423040675596,"C"
"178",22075,48.3353033855179,4.06309404344701,"C"
"179",22076,48.274208477134,4.05766749076993,"C"
"180",22077,48.2977540162815,4.04421359073957,"C"
"181",22078,50.0863726752229,4.07951890371191,"C"
"182",22079,50.104493230219,4.07221866213041,"C"
"183",22083,46.249661407057,4.30049625507506,"C"
"184",22084,49.0979641933664,3.97602084133392,"C"
"185",22085,49.15064608626,3.97373256053847,"C"
"186",22087,48.0900170994491,4.10317349134262,"C"
"187",22088,48.2830515566126,4.06835944568074,"C"
"188",22089,48.2467718678758,4.06036643870213,"C"
"189",22090,48.2878076978902,4.0453638141493,"C"
"190",22091,50.3547152876398,4.08624227932266,"C"
"191",22092,50.4362843176885,4.08172057968576,"C"
"192",22096,46.3914085163311,4.27238100175665,"C"
"193",22097,49.0898213111273,3.97640417881328,"C"
"194",22098,49.136409134513,3.97434130323268,"C"
"195",22100,47.5202069709298,4.14720626124688,"C"
"196",22101,47.745525232756,4.11028635775709,"C"
"197",22102,47.8747503460033,4.09355264216955,"C"
"198",22103,47.9464379606432,4.08535859116059,"C"
"199",22104,50.6402447441531,4.09780518828642,"C"
"200",22105,50.7727184685197,4.09366759175501,"C"
"201",22109,46.5868261333841,4.23497427208462,"C"
"202",22110,49.0757340403696,3.97705458259614,"C"
"203",22111,49.1170072388777,3.97518007654916,"C"
"204",22113,47.7335465311271,4.11201271446598,"C"
"205",22114,48.0418822488801,4.07100399435588,"C"
"206",22115,48.0952399470708,4.06480792208237,"C"
"207",22116,48.342493759804,4.03865600907486,"C"
"208",22122,46.7806045225706,4.19930723011923,"C"
"209",22123,49.0607462979687,3.9777424094752,"C"
"210",22124,49.0967156811783,3.97606680795492,"C"
"211",22126,48.4681269494452,4.0263516872251,"C"
"212",22127,48.6364228915656,4.01131820788399,"C"
"213",22128,48.7149845669207,4.00508908447617,"C"
"214",22129,48.8236253403712,3.9971522277025,"C"
"215",22130,48.9192107115067,3.99055888876573,"C"
"216",22136,46.9086958009894,4.17659119589864,"C"
"217",22137,49.0465803117493,3.97838044575958,"C"
"218",22138,49.0782724835927,3.97687190557836,"C"
"219",22141,48.5594724181307,4.0178152530958,"C"
"220",22142,48.6718367991313,4.00867791099563,"C"
"221",22143,48.7841750654957,3.99936019724797,"C"
"222",22144,48.8995143632847,3.99098228347076,"C"
"223",22145,48.9263241103872,3.99059926100267,"C"
"224",22146,48.8551163273828,3.99563914735206,"C"
"225",22147,48.8707166500369,3.99489128380083,"C"
"226",22154,49.037237225433,3.97867470251053,"C"
"227",22155,49.0631281202558,3.97746389813279,"C"
"228",22158,48.5223283023452,4.02126058649861,"C"
"229",22159,48.6584068035432,4.00916086556879,"C"
"230",22160,48.7587497475829,4.00070706831168,"C"
"231",22161,48.8942382408036,3.98956431142545,"C"
"232",22162,48.8362665991241,3.99695920627892,"C"
"233",22163,48.8240297563967,3.9982844260211,"C"
"234",22168,48.8216131319431,3.99811023776943,"C"
"235",22169,48.7541260816742,4.00332949744467,"C"
"236",22172,48.437178938942,4.02937227990645,"C"
"237",22173,48.5978028436261,4.01372984230914,"C"
"238",22174,48.7310301161949,4.00248016274494,"C"
"239",22175,48.8673523350561,3.99132007539736,"C"
"240",22180,48.3622208519756,4.03665618248728,"C"
"241",22181,48.5217924171576,4.01983749995844,"C"
"242",22182,48.6774557620817,4.00627819750121,"C"
"243",22183,48.8190067845917,3.9946262789502,"C"
"244",22188,47.1928546026567,4.16426191575556,"C"
"245",22189,48.4179860401513,4.02888328631958,"C"
"246",22190,48.5803462385379,4.01375902937614,"C"
"247",22191,48.7482799966288,3.99945968955693,"C"
"248",22196,47.9846452813892,4.06654413850715,"C"
"249",22197,47.8711106635918,4.07818232233156,"C"
"250",22198,48.4908910271047,4.02030462802997,"C"
"251",22199,48.6498074578527,4.0063659717459,"C"
"252",22204,47.4879380619611,4.12333586791498,"C"
"253",22205,48.2162877912268,4.04610363862335,"C"
"254",22206,48.3850334138648,4.02910984211638,"C"
"255",22207,48.5499341558367,4.01367789333417,"C"
"256",22211,48.193915228488,4.05213286259968,"C"
"257",22212,48.186412736807,4.04935815593064,"C"
"258",22213,48.312593818139,4.03535352015149,"C"
"259",22214,48.4554239106864,4.02096217429651,"C"
"260",22218,48.1512871382484,4.05610968993641,"C"
"261",22219,48.1514007437612,4.05320741603695,"C"
"262",22220,48.2419600038942,4.04202605206163,"C"
"263",22221,48.3539936863625,4.02967177755503,"C"
"264",22223,48.0774626225113,3.98653102575607,"C"
"265",22225,48.0890309900998,4.06278399242707,"C"
"266",22226,48.1011037147138,4.05888526408037,"C"
"267",22227,48.1590854232058,4.05075681897165,"C"
"268",22228,48.2381797204211,4.04104733828827,"C"
"269",22230,47.6603804803696,4.06961713213414,"C"
"270",22232,48.0061114230602,4.06953912511661,"C"
"271",22233,48.0237547257467,4.06600335699152,"C"
"272",22234,48.0688888479429,4.0595842249545,"C"
"273",22235,48.1178212418943,4.05276108499824,"C"
"274",22237,46.2917129097061,4.31236517238799,"C"
"275",22239,47.8465830975623,4.08068507746698,"C"
"276",22240,47.9384094915583,4.07122258469775,"C"
"277",22241,48.0043861518962,4.06370825954312,"C"
"278",22242,48.0492958689253,4.05780967106696,"C"
"279",22243,47.3546695548805,4.1424675696763,"C"
"280",22245,46.7483343080225,4.23368878470816,"C"
"281",22247,47.897993438041,4.07420737579762,"C"
"282",22248,47.9597146610948,4.06804912876242,"C"
"283",22249,48.0332670204942,4.0598674454238,"C"
"284",22250,48.1038002807867,4.05147175424695,"C"
"285",22251,47.0669147723579,4.18355893320048,"C"
"286",22254,47.8110158994554,4.08330651094191,"C"
"287",22255,47.8689237884473,4.07691667194648,"C"
"288",22256,47.9449835118092,4.06848831559843,"C"
"289",22257,47.9685831686305,4.06494945551829,"C"
"290",22260,47.6453535720908,4.10346484570222,"C"
"291",22261,47.6538489842292,4.10198489022588,"C"
"292",22262,47.7442254307204,4.09090859840341,"C"
"293",22263,47.6761784449548,4.09896176581078,"C"
"294",22266,47.2975571241178,4.15143257897003,"C"
"295",22267,47.3897238105551,4.13726893267977,"C"
"296",22268,47.1018014569111,4.18250518486591,"C"
"297",22269,47.4892723741743,4.12338802554975,"C"
"298",22270,47.3293186270212,4.14575072236744,"C"
"299",22273,47.2669543118961,4.15542775071295,"C"
"300",22274,47.1979672901407,4.16513292350507,"C"
"301",22275,47.1945341230612,4.16585905144484,"C"
"302",22276,47.1504549042132,4.18002209576326,"C"
"303",22277,46.9895899902975,4.198228366038,"C"
"304",22280,46.8363392293221,4.22412891846721,"C"
"305",22281,45.8610960437281,4.40497869597959,"C"
"306",22282,45.7101108972449,4.43719087047794,"C"
"307",22283,45.5680590570392,4.46801782162807,"C"
"308",22284,47.6821231525012,4.09838384978907,"C"
"309",22287,46.5355628868847,4.27939340091668,"C"
"310",22288,46.4662492388226,4.29322188024856,"C"
"311",22289,45.95246821398,4.39033073830353,"C"
"312",22290,45.803388432609,4.419821306789,"C"
"313",22294,46.3832176812375,4.30658024621086,"C"
"314",22295,46.3532524919446,4.3128526543553,"C"
"315",22296,46.3860991828172,4.30808890942523,"C"
"316",22297,46.4729553240502,4.29439093330689,"C"
"317",22301,46.4691613140075,4.29238574042032,"C"
"318",22302,46.4272290521836,4.29955453897965,"C"
"319",22303,46.38319341113,4.30800147547484,"C"
"320",22304,46.3961953040531,4.30777382221926,"C"
"321",22308,47.1609907820101,4.175974706307,"C"
"322",22309,46.6354224366767,4.26457304545581,"C"
"323",22310,46.5561509737018,4.2778605717868,"C"
"324",22311,46.3037222071465,4.32337589966027,"C"
"325",22316,47.1499891032766,4.17678959973474,"C"
"326",22317,47.2119676915627,4.16683299504266,"C"
"327",22318,47.1157157958205,4.18371405569764,"C"
"328",22319,47.045667434937,4.1963265050169,"C"
"329",22324,47.1718135133373,4.17380550953274,"C"
"330",22325,47.1358356561588,4.18122738964338,"C"
"331",22326,47.0632120046885,4.19319809249089,"C"
"332",22331,47.274936106397,4.15988755426963,"C"
"333",22332,47.1491501735857,4.17945721787883,"C"
"334",22333,47.0481243712024,4.195032450576,"C"
"335",22338,47.4761960152092,4.12916524839358,"C"
"336",22339,47.2054491404949,4.17056978946091,"C"
"337",22340,47.0591531141099,4.19283381859219,"C"
"338",22341,46.5056662235962,3.99089636122684,"C"
"339",22345,47.4953170069682,4.12729141139444,"C"
"340",22346,47.2106368569605,4.16950164894628,"C"
"341",22347,47.0557369088243,4.19299422205602,"C"
"342",22351,47.4831126214499,4.13059921870629,"C"
"343",22352,47.2137158814597,4.16930621531173,"C"
"344",22353,47.0532052972747,4.19314797963142,"C"
"345",22357,47.4867646586719,4.13223350084837,"C"
"346",22358,47.2688997937197,4.16164691915195,"C"
"347",22359,47.0698136081807,4.19052200147663,"C"
"348",22363,47.6492007825967,4.10449098351469,"C"
"349",22364,47.3373414460634,4.14954397046441,"C"
"350",22365,47.6264933213198,4.10792767347656,"C"
"351",22366,47.0604729483766,4.19176602220096,"C"
"352",22370,47.6651923327898,4.0983595149287,"C"
"353",22371,47.3035134181193,4.15441459474236,"C"
"354",22372,47.7450382659911,4.08268039130643,"C"
"355",22373,47.0619102224913,4.19093630843883,"C"
"356",22374,47.6028757015113,4.11140256985597,"C"
"357",22375,47.7222643959878,4.08626295746484,"C"
"358",22379,47.5528671893448,4.11479989250969,"C"
"359",22380,47.3008701890822,4.15290784495326,"C"
"360",22381,47.2246848658417,4.15968179730276,"C"
"361",22382,47.589770582309,4.11263094275523,"C"
"362",22383,47.7247544988771,4.08482520613466,"C"
"363",22387,47.4822373506438,4.12421143188012,"C"
"364",22388,47.4122746068498,4.13109124853469,"C"
"365",22389,47.3554155987835,4.13326589501786,"C"
"366",22390,47.6111323339593,4.10688226284358,"C"
"367",22391,47.7668964952858,4.07536309067716,"C"
"368",22395,47.4331763432313,4.13020859583844,"C"
"369",22396,47.4561861074859,4.12081585890145,"C"
"370",22397,47.3751490999146,4.12728580373353,"C"
"371",22398,47.6355160079418,4.10025790726304,"C"
"372",22399,47.7878395575298,4.0697554420104,"C"
"373",22403,47.4062649240407,4.13296827542488,"C"
"374",22404,47.4222198286995,4.12537445421419,"C"
"375",22405,47.3411446174664,4.13280946037575,"C"
"376",22406,47.6783504717012,4.0886366043984,"C"
"377",22407,47.8533229162469,4.05376032679942,"C"
"378",22411,47.4086919916402,4.12992111604945,"C"
"379",22412,47.3802659058937,4.13167838632959,"C"
"380",22413,47.3090581948084,4.13838659975529,"C"
"381",22414,47.7443306786138,4.06763787397375,"C"
"382",22415,47.9544272759839,4.02645673059504,"C"
"383",22419,47.3583917663031,4.13698633307919,"C"
"384",22420,47.3435433915085,4.13673602230338,"C"
"385",22421,47.2765156810735,4.14360906101136,"C"
"386",22422,47.7914418245885,4.04406832730287,"C"
"387",22423,48.0064686569426,4.00567068724006,"C"
"388",22427,47.3155398848613,4.14284158793009,"C"
"389",22428,47.3289671164228,4.13719478168876,"C"
"390",22429,47.3066922521488,4.1414566813971,"C"
"391",22430,47.245566671889,4.14817482593945,"C"
"392",22431,47.7896495341478,4.03301928690321,"C"
"393",22432,47.9697443725489,3.99867304717882,"C"
"394",22433,47.7811224254075,4.02417352442837,"C"
"395",22434,47.9554058739702,3.99320299204182,"C"
"396",22435,47.907946161361,3.99820297902239,"C"
"397",22440,47.2856155125936,4.14606729564764,"C"
"398",22441,47.3153819349403,4.1373318463059,"C"
"399",22442,47.2985926130161,4.14075402670146,"C"
"400",22443,47.2264233957883,4.15062510534718,"C"
"401",22444,47.7689953862635,4.0253751068801,"C"
"402",22445,47.9297110372685,3.99429234231979,"C"
"403",22446,47.7583508539236,4.02486098639073,"C"
"404",22447,47.9150647890506,3.98484277787548,"C"
"405",22448,47.7706542922043,3.98467886052987,"C"
"406",22449,47.8459994999623,4.00266027791311,"C"
"407",22450,47.7104417893442,3.9974833935777,"C"
"408",22455,47.248916226542,4.15062576956014,"C"
"409",22456,47.2943599798507,4.13885665555522,"C"
"410",22457,47.305956888987,4.13702150254148,"C"
"411",22458,47.2106759580511,4.15184413074879,"C"
"412",22459,47.7465949893928,4.01634356669654,"C"
"413",22460,47.8915111426998,3.99186779219472,"C"
"414",22461,47.72784406883,4.02704504916582,"C"
"415",22462,47.8326791778054,3.97832173084162,"C"
"416",22463,47.6207154132663,3.9791790571428,"C"
"417",22464,47.5596593839905,3.98300136756331,"C"
"418",22465,47.7291835709594,4.00588314468321,"C"
"419",22466,47.6076050178447,4.00477623558718,"C"
"420",22467,47.5110629871956,3.98167769840541,"C"
"421",22472,47.24588987924,4.15124392713253,"C"
"422",22473,47.2773791264489,4.14078378708003,"C"
"423",22474,47.2878583564924,4.13821059952181,"C"
"424",22475,47.2050078064302,4.15098704881163,"C"
"425",22476,47.7009407121898,4.00495042004104,"C"
"426",22477,47.8482171338797,3.9866194466979,"C"
"427",22478,47.6526373998308,4.01332608482882,"C"
"428",22479,47.7969213694966,3.98593900725196,"C"
"429",22480,47.5184914780751,4.02389012281975,"C"
"430",22481,47.5087553470936,4.00623961398745,"C"
"431",22482,47.4653124866334,4.00610717832917,"C"
"432",22483,47.4596717264411,3.97830645435159,"C"
"433",22488,47.2594284444569,4.14870175686249,"C"
"434",22489,47.2812625542667,4.1396598225473,"C"
"435",22490,47.2740318022059,4.13895279141347,"C"
"436",22491,47.2061298972309,4.14865211436971,"C"
"437",22492,47.6189961631237,3.99583763942015,"C"
"438",22493,47.7803307347705,3.97899862547717,"C"
"439",22494,47.4931774338729,3.99599117917514,"C"
"440",22495,47.7608686385703,3.98943449319588,"C"
"441",22496,47.2381428602703,4.02169158254511,"C"
"442",22497,47.4150680295821,4.02780523978055,"C"
"443",22498,47.1115716350154,4.0269290788519,"C"
"444",22499,47.1718252258604,4.00144882647693,"C"
"445",22500,47.3467027021458,4.00251345609369,"C"
"446",22501,47.368292592077,3.9820469545994,"C"
"447",22506,47.3338731573325,4.13158322381008,"C"
"448",22507,47.3227220926897,4.12969816608914,"C"
"449",22508,47.2777379645574,4.13605455850061,"C"
"450",22509,47.2140491342471,4.14460263544966,"C"
"451",22510,47.5751834139187,3.99067205395343,"C"
"452",22511,47.73318234057,3.97431703633313,"C"
"453",22512,47.4245141698996,4.00333218396818,"C"
"454",22513,47.7253309834998,3.98434270767236,"C"
"455",22514,47.2924506109549,4.0251121811857,"C"
"456",22515,47.119534389379,4.02358060801547,"C"
"457",22516,47.0993831542108,3.99439101973168,"C"
"458",22517,47.3390231075824,3.97624010481149,"C"
"459",22522,47.449010042579,4.10457614460229,"C"
"460",22523,47.3961505091496,4.11202671286181,"C"
"461",22524,47.309418767402,4.12723014604983,"C"
"462",22525,47.2370664131048,4.13726167692041,"C"
"463",22526,47.5714934756239,3.98251656940474,"C"
"464",22527,47.6995883763802,3.96879799632839,"C"
"465",22528,47.448635589396,3.99505877080636,"C"
"466",22529,47.7122509433178,3.97608501478516,"C"
"467",22530,47.4203011388934,3.99749433605343,"C"
"468",22531,47.1547343896069,4.02454641671883,"C"
"469",22532,47.0930414458034,4.02098496741171,"C"
"470",22533,47.0160008919992,3.99638447597193,"C"
"471",22534,47.2933921575566,3.97413890762628,"C"
"472",22539,47.5528226329342,4.07847793538449,"C"
"473",22540,47.4785142623962,4.0908725463211,"C"
"474",22541,47.3641135176678,4.11225140052219,"C"
"475",22542,47.2744061710463,4.1260930329698,"C"
"476",22543,47.5645328828633,3.97953769298436,"C"
"477",22544,47.6838236651521,3.96784575604016,"C"
"478",22545,47.4643906769584,3.99093425927574,"C"
"479",22546,47.6571588442167,3.96790837368501,"C"
"480",22547,47.6923442274188,3.97859293722758,"C"
"481",22548,47.4337440128654,3.99356329886353,"C"
"482",22549,47.3950914183491,3.99836761040839,"C"
"483",22550,47.4198157804,3.9935123030003,"C"
"484",22551,46.9491390906115,4.03460508773597,"C"
"485",22552,47.0011624603792,4.02446431882474,"C"
"486",22554,47.1922488221851,3.97558676019887,"C"
"487",22559,47.6018358730634,4.06382772946191,"C"
"488",22560,47.5332558706058,4.07457548936743,"C"
"489",22561,47.4150539289371,4.09692586341411,"C"
"490",22562,47.3075624085611,4.11509693011141,"C"
"491",22563,47.541137706555,3.97688711285886,"C"
"492",22564,47.4576485956296,3.98515667657852,"C"
"493",22565,47.4222522986133,3.98821250994441,"C"
"494",22566,47.618210101345,3.9693882837097,"C"
"495",22567,47.6742861212315,3.98016153574861,"C"
"496",22568,47.485062160395,3.97916944802377,"C"
"497",22569,47.3945596129566,3.99192296105462,"C"
"498",22570,47.4035789305467,3.97791460773855,"C"
"499",22571,47.3461975417598,3.99247672481303,"C"
"500",22575,47.0164980865792,3.9808285501081,"C"
"501",22580,47.6197290250012,4.05334801603802,"C"
"502",22581,47.5519099168773,4.06412942783225,"C"
"503",22582,47.4425156846385,4.08514140768799,"C"
"504",22583,47.325912452308,4.10614941136967,"C"
"505",22584,47.309721365185,3.99023183730107,"C"
"506",22585,47.5704275208419,3.97161288710686,"C"
"507",22586,47.6488638697307,3.98108919181957,"C"
"508",22587,47.4109168768993,3.97913413585939,"C"
"509",22588,47.0572527356797,4.00459048937954,"C"
"510",22589,47.4456906659387,3.94031253339162,"C"
"511",22590,47.3193634777454,3.97901555712389,"C"
"512",22591,47.1886829155239,3.98414598079412,"C"
"513",22595,46.759574428123,4.00459613114808,"C"
"514",22600,47.5888543982883,4.04793897805554,"C"
"515",22601,47.5207414743462,4.06076068441636,"C"
"516",22602,47.4442240232202,4.07648244098647,"C"
"517",22603,47.312815456695,4.10168283421263,"C"
"518",22604,47.5392880401123,3.97251628826393,"C"
"519",22605,47.6335304197038,3.9826510670069,"C"
"520",22606,47.3974036906049,3.9750144569966,"C"
"521",22607,47.2653163758872,3.98338744524833,"C"
"522",22608,47.2156035398234,3.98665697495231,"C"
"523",22609,47.4019167539605,3.91777859651416,"C"
"524",22610,47.2303401172152,3.96636644372985,"C"
"525",22612,47.0265432357997,3.9907139325978,"C"
"526",22622,47.5268097007569,4.0447718231809,"C"
"527",22623,47.5397395514644,4.04098929788148,"C"
"528",22624,47.4532390224928,4.06030233587937,"C"
"529",22625,47.2665226526498,4.10137156738721,"C"
"530",22626,47.5111464936743,3.97569808789864,"C"
"531",22627,47.6160898326437,3.98428160224811,"C"
"532",22628,47.3489270326566,3.97286227248768,"C"
"533",22629,47.1707561165701,3.98349226949403,"C"
"534",22630,47.0817116993627,3.99545826655042,"C"
"535",22631,47.1210754701323,3.99528964512881,"C"
"536",22632,46.9292481608416,4.01415313745559,"C"
"537",22648,47.6125450046752,4.00368950382534,"C"
"538",22649,47.1620334536974,4.11480645836922,"C"
"539",22650,47.018005895729,4.13111230619711,"C"
"540",22651,47.2433234331388,4.09170322779476,"C"
"541",22652,47.4704185151749,3.98058317782994,"C"
"542",22653,47.5825110577453,3.98701160118343,"C"
"543",22654,47.2691637367425,3.97362191063215,"C"
"544",22655,46.8699149015646,4.0136217168859,"C"
"545",22656,46.9583626802672,4.01446371902097,"C"
"546",22657,46.7709690024996,4.03604278843558,"C"
"547",22671,47.2390452226065,4.06236069435544,"C"
"548",22672,47.1647969946542,4.08459620677375,"C"
"549",22673,46.9147842198474,4.13262330494733,"C"
"550",22674,47.2990468584799,4.06048059679617,"C"
"551",22675,47.4225283222604,3.98480757437744,"C"
"552",22676,47.536943191558,3.98973123057195,"C"
"553",22677,47.2008833319058,3.97571854680227,"C"
"554",22678,46.8267658313686,4.02459581529257,"C"
"555",22679,46.8291498066229,4.0316985019576,"C"
"556",22680,46.6291040099916,4.0589891312948,"C"
"557",22693,47.0931524050535,4.07545925744815,"C"
"558",22694,47.0883607453803,4.0906229732717,"C"
"559",22695,46.8655318445164,4.13693561228936,"C"
"560",22696,47.3500643674346,4.04102351163015,"C"
"561",22697,47.3617595457747,3.9835636810466,"C"
"562",22698,47.4737739325769,3.99329909715915,"C"
"563",22699,47.1066886562301,3.97204977410305,"C"
"564",22700,46.8405539542684,3.99395316490732,"C"
"565",22701,46.577346790061,4.03424326212539,"C"
"566",22702,46.7696061370944,4.03991284071802,"C"
"567",22703,46.4855574259139,4.08112785792954,"C"
"568",22716,46.8966164124749,4.10421683032631,"C"
"569",22717,46.9730450887982,4.10694751421136,"C"
"570",22718,46.8038700044699,4.14441224737428,"C"
"571",22719,47.3823121848875,4.02692392181748,"C"
"572",22720,47.3008230962845,3.9848121576695,"C"
"573",22721,47.3846029488935,3.99812757414064,"C"
"574",22722,47.0579420415888,3.97410736672417,"C"
"575",22723,46.8575418028649,3.98943098250724,"C"
"576",22724,46.657092784547,4.01691360008013,"C"
"577",22725,46.4088272064451,4.06036862685676,"C"
"578",22726,46.5091028809024,4.04167450862965,"C"
"579",22727,46.2448872965936,4.08820333933892,"C"
"580",22738,46.5190758088486,4.1757554626767,"C"
"581",22739,46.8197284174344,4.12971443774682,"C"
"582",22740,46.7224111146475,4.15548550612121,"C"
"583",22741,45.6402869662796,4.37099826089977,"C"
"584",22742,47.1590801599207,3.99528524188514,"C"
"585",22743,47.0843398147158,4.02164210821583,"C"
"586",22744,46.9944174227123,3.979559514627,"C"
"587",22745,46.8442398570971,3.99018399595464,"C"
"588",22746,46.6672251415818,4.0178800637139,"C"
"589",22747,46.5739670182745,4.02998877181549,"C"
"590",22748,46.1797280353996,4.10426913650814,"C"
"591",22749,46.2822515546508,4.08481362392851,"C"
"592",22750,46.0350465464222,4.13326580900967,"C"
"593",22751,46.4872937015277,4.04544525212204,"C"
"594",22752,46.0989687978694,4.11485754052458,"C"
"595",22753,45.9122578329389,4.15488690173519,"C"
"596",22764,46.2319018487605,4.23714814561639,"C"
"597",22765,46.5903071543694,4.16942602163559,"C"
"598",22766,46.6038538800549,4.17358338139954,"C"
"599",22767,47.2213849561933,4.04355541865499,"C"
"600",22768,47.0420021599802,3.99960944060052,"C"
"601",22769,46.6057287127196,4.06146685151724,"C"
"602",22770,46.8825525782067,3.98312369264063,"C"
"603",22771,46.7491193114386,4.00784632485577,"C"
"604",22772,45.8197104396577,4.16814601189462,"C"
"605",22773,46.1019656329672,4.11886457650403,"C"
"606",22774,46.3574214999129,4.07207250525363,"C"
"607",22775,45.9731762650299,4.13810778222141,"C"
"608",22776,45.8713221360433,4.15933276806626,"C"
"609",22787,47.3344710427007,3.99517183543176,"C"
"610",22788,47.4230125329175,3.99341547667191,"C"
"611",22789,47.334976786664,4.01711105638954,"C"
"612",22790,47.2652254273979,4.01979908684712,"C"
"613",22791,46.8777226760043,4.00976030141427,"C"
"614",22792,46.4936722423357,4.0665892398176,"C"
"615",22793,46.7743948738287,3.98947031156479,"C"
"616",22794,46.6374667478673,4.01617243186565,"C"
"617",22795,45.7352538106522,4.1720374017908,"C"
"618",22796,45.9435213256163,4.13590655115768,"C"
"619",22797,45.9382633388626,4.14874666595734,"C"
"620",22798,46.1738447692277,4.11407392000847,"C"
"621",22808,47.396570756676,3.97429622185337,"C"
"622",22809,47.4289948884161,3.98525634600934,"C"
"623",22810,47.3546995763645,4.00702150057455,"C"
"624",22811,47.2597694022364,4.01181320097193,"C"
"625",22812,46.6775098748546,4.02784607963171,"C"
"626",22813,46.1928685298812,4.10126396111346,"C"
"627",22814,46.6361187440436,4.00730266721958,"C"
"628",22815,46.5022971753904,4.02397554077044,"C"
"629",22816,45.7704191542483,4.16965623942318,"C"
"630",22817,45.6732048816332,4.18688706554449,"C"
"631",22818,45.8524275753416,4.17536144603377,"C"
"632",22829,47.2570156959467,3.99942526084773,"C"
"633",22830,47.3877093530114,3.97592012513365,"C"
"634",22831,47.3839525236416,3.98407951891998,"C"
"635",22832,47.2608897898257,4.00505640859365,"C"
"636",22833,46.4596084402797,4.05582344191817,"C"
"637",22834,45.9568100020828,4.12821253425634,"C"
"638",22835,46.5046667209142,4.02553030277191,"C"
"639",22836,46.375321032519,4.04075895627652,"C"
"640",22837,45.6467142196601,4.18602554808846,"C"
"641",22838,45.7713557881742,4.17994849618611,"C"
"642",22849,47.2944068961031,3.97707435785437,"C"
"643",22850,47.1698977972219,4.01216082826366,"C"
"644",22851,47.2598039014916,3.99812942768285,"C"
"645",22852,47.314980128709,3.98780446517151,"C"
"646",22853,46.1958087197252,4.0942793679407,"C"
"647",22854,45.7652489341255,4.14745632122338,"C"
"648",22855,46.3598787060234,4.04833890775329,"C"
"649",22856,46.2459731810702,4.06419479021171,"C"
"650",22857,45.6560252864433,4.18268494580377,"C"
"651",22858,45.7466743885762,4.18081759764418,"C"
"652",22869,47.2500186187907,3.97729026285397,"C"
"653",22870,47.1203979588794,4.01796030972545,"C"
"654",22871,47.2565524126156,3.99428734617243,"C"
"655",22872,47.1727827866451,4.0280989789538,"C"
"656",22873,45.8731249779349,4.1344504805668,"C"
"657",22875,46.168252996982,4.07933484333925,"C"
"658",22876,46.1039954407792,4.08812431368131,"C"
"659",22877,45.6942420583424,4.17843998334381,"C"
"660",22878,45.7312204844325,4.17717227422209,"C"
"661",22890,47.699427659422,3.85872796021457,"C"
"662",22891,47.1597465363423,4.00954543679777,"C"
"663",22892,47.2721686873491,3.98872635068697,"C"
"664",22893,47.2774102991574,3.99498748596153,"C"
"665",22898,45.6358684004502,4.20114807685518,"C"
"666",22899,45.7046713956422,4.18089154481025,"C"
"667",22912,47.627371769517,3.85604761249828,"C"
"668",22913,47.2205904063446,3.99497691214393,"C"
"669",22914,47.2694254829371,3.98739787506602,"C"
"670",22915,47.3267203057093,3.97520940383241,"C"
"671",22920,45.6269114130984,4.19544752992585,"C"
"672",22921,45.6979702928001,4.17323147517357,"C"
"673",22934,47.3925709873023,3.95302395335422,"C"
"674",22935,46.8764144207158,4.05783448221206,"C"
"675",22936,46.9659035581531,4.04622643534562,"C"
"676",22937,47.2795681463989,3.98002740001104,"C"
"677",22941,45.665751271661,4.15904092749648,"C"
"678",22948,47.3244404195509,3.96565132361865,"C"
"679",22949,46.9601988381751,4.04846633380659,"C"
"680",22950,46.7943887258124,4.08182742191529,"C"
"681",22951,47.1020062690123,4.01696058844381,"C"
"682",22954,45.7584771009283,4.14332143623446,"C"
"683",22955,45.567320148586,4.16927099422166,"C"
"684",22961,47.2588993239887,3.97954127856553,"C"
"685",22962,46.9732751137088,4.04606956353847,"C"
"686",22963,46.8368000963096,4.07427962475028,"C"
"687",22964,47.0208728783607,4.03546575223408,"C"
"688",22965,45.9185108980692,4.08295306376808,"C"
"689",22966,45.5142723086076,4.17168351373093,"C"
"690",22973,47.2092134605259,3.98982191841791,"C"
"691",22974,46.960974896534,4.04816631206821,"C"
"692",22975,46.8181542939646,4.07741849198252,"C"
"693",22976,47.020162277419,4.03550823369692,"C"
"694",22978,45.5378418147195,4.14866722835909,"C"
"695",22985,47.5120523152319,3.90474355121381,"C"
"696",22986,47.0718086530402,4.02191615049222,"C"
"697",22987,46.9370054975759,4.05248021634769,"C"
"698",22988,46.9717927114413,4.03716534476972,"C"
"699",22997,47.5834130619215,3.87560170602836,"C"
"700",22998,47.2888632098378,3.97703466649379,"C"
"701",22999,46.9275058574526,4.04715991931469,"C"
"702",23000,46.7388300187369,4.07719878159607,"C"
"703",23009,47.5832133426425,3.87049246475052,"C"
"704",23010,47.3079566349744,3.97037101223207,"C"
"705",23011,46.7735196802689,4.07370695262614,"C"
"706",23012,47.1524258585762,3.99966961314419,"C"
"707",23021,47.6170808410268,3.86323054781855,"C"
"708",23022,47.2363642550497,3.98689780041519,"C"
"709",23023,46.6711719607053,4.09140718764538,"C"
"710",23024,47.1617179875138,3.99822854015582,"C"
"711",23033,47.2650058333969,3.95534223099577,"C"
"712",23034,47.2377205128517,3.98191469721841,"C"
"713",23035,46.7315463109697,4.07812569683393,"C"
"714",23036,47.0735968712123,4.01247285605203,"C"
"715",23045,47.2637107913997,3.95781341604382,"C"
"716",23046,47.2200198570497,3.98155137820096,"C"
"717",23047,46.8515464345707,4.05288496705031,"C"
"718",23048,46.7759015077741,4.06698978301365,"C"
"719",23054,47.2602877493079,3.96193136215075,"C"
"720",23055,47.1286200829803,3.99613778994422,"C"
"721",23056,46.9911037213998,4.02337023309693,"C"
"722",23057,46.9782502579597,4.0299203770592,"C"
"723",23060,47.0643230439726,4.00686512601952,"C"
"724",23061,47.1583796090244,3.99017689925677,"C"
"725",23062,47.0948880428024,4.00477209670633,"C"
"726",23063,47.0227625977108,4.02105949105249,"C"
"727",23066,47.1109558383393,3.99972768337323,"C"
"728",23067,47.0641304990467,4.01194012652511,"C"
"729",23068,47.0162338350764,4.02313549042398,"C"
"730",23069,47.0569172586945,4.01476128486423,"C"
"731",23072,47.1472261300694,3.99422215369292,"C"
"732",23073,47.1224697125245,4.00010179598906,"C"
"733",23074,47.0383282629636,4.01821907224633,"C"
"734",23075,47.0797757562647,4.01029835002373,"C"
"735",23078,47.251753945725,3.96991838534301,"C"
"736",23079,47.2076472428955,3.98289430809135,"C"
"737",23080,46.9554938804497,4.03242420528421,"C"
"738",23081,47.1238450690719,4.00152939540289,"C"
"739",23084,47.2336852222495,3.97575530803229,"C"
"740",23085,47.2249769249021,3.98029221994623,"C"
"741",23086,46.9103608694672,4.04065235609913,"C"
"742",23087,47.1452327546357,3.99883935964969,"C"
"743",23090,47.2356618021481,3.97729157621505,"C"
"744",23091,47.2083610922831,3.98409632058541,"C"
"745",23092,46.8909388646417,4.04484128382667,"C"
"746",23093,47.1303255431683,4.00197947648282,"C"
"747",23096,47.1933232149903,3.98688918361237,"C"
"748",23097,47.185076215233,3.98892691185813,"C"
"749",23098,46.9014622052534,4.04400568215206,"C"
"750",23099,47.0841188177413,4.01105280854015,"C"
"751",23102,47.0949615024769,4.01659732129873,"C"
"752",23103,47.2158756052324,3.98461628447918,"C"
"753",23104,46.9599411452427,4.03379960884611,"C"
"754",23105,47.063844174008,4.01463220161248,"C"
"755",23108,47.5311572305617,3.89514553878977,"C"
"756",23109,47.1459425806639,4.00188274315145,"C"
"757",23110,47.0314376787312,4.02047235752105,"C"
"758",23111,47.125599865922,4.00293232765386,"C"
"759",23114,46.7701053281861,4.06339588445493,"C"
"760",23115,47.1108591030986,4.00633939668688,"C"
"761",23116,47.0361496871921,4.0176635784983,"C"
"762",23117,47.269595503969,3.97149985505688,"C"
"763",23120,46.8682925599979,4.04774448520472,"C"
"764",23121,47.2585485539888,3.96956957429733,"C"
"765",23122,46.9025633816324,4.04161117002349,"C"
"766",23123,47.3799152003551,3.91571926993781,"C"
"767",23126,46.8720367593281,4.05261854336222,"C"
"768",23127,47.0715236967882,4.0024452289966,"C"
"769",23128,47.1631131119743,3.98463699786845,"C"
"770",23129,47.1504569907187,3.97838967112615,"C"
"771",23132,47.0024937520366,4.03347047483141,"C"
"772",23133,47.6527191141076,3.85454692290709,"C"
"773",23134,46.9271608316791,4.0264961647661,"C"
"774",23135,46.9803796984334,4.03482080683954,"C"
"775",23138,47.6030660850907,3.86634067357404,"C"
"776",23139,47.7228248595536,3.80371520798811,"C"
"777",23140,47.5744460607534,3.87902205132089,"C"
"778",23141,47.4706322730407,3.89249497266205,"C"
"779",23144,47.6180962663988,3.8452876696133,"C"
"780",23145,47.7089489498429,3.79712815109638,"C"
"781",23146,47.6001040932151,3.86008477925055,"C"
"782",23147,47.5015311842151,3.87889351209007,"C"
"783",23150,47.6019808046085,3.84092719803205,"C"
"784",23151,47.6659672473782,3.81080162983211,"C"
"785",23152,47.5859185032076,3.85683356427083,"C"
"786",23153,47.5282286704099,3.86508444174628,"C"
"787",23156,47.5971640549227,3.83292994476246,"C"
"788",23157,47.1925996215723,3.94078854549147,"C"
"789",23158,47.2673668158498,3.94934328047579,"C"
"790",23159,47.5376532407449,3.85622463907116,"C"
"791",23162,47.2296252311048,3.92662501159115,"C"
"792",23163,47.2840826224339,3.92652727180802,"C"
"793",23164,47.2868379197236,3.93700915841712,"C"
"794",23165,47.5373215891551,3.84815689521525,"C"
"795",23168,47.2206255825455,3.91771477140686,"C"
"796",23169,47.2938163145885,3.91731254742818,"C"
"797",23170,47.1653112911558,3.94804914242835,"C"
"798",23171,47.5302517829162,3.84025250386733,"C"
"799",23174,47.2886220875583,3.8966282143735,"C"
"800",23175,47.3566601582444,3.89516952929686,"C"
"801",23176,47.1345819946824,3.94919268127314,"C"
"802",23177,47.5230053422512,3.83043250740572,"C"
"803",23180,47.3422064371899,3.88616555175742,"C"
"804",23181,47.3413658922224,3.89208311441885,"C"
"805",23182,47.6775706040134,3.79522085323278,"C"
"806",23183,47.5587273339125,3.81191404754651,"C"
"807",23186,47.3723160293237,3.874523483042,"C"
"808",23187,47.4195674889401,3.87670721807195,"C"
"809",23188,47.6659697446718,3.78278510177487,"C"
"810",23189,47.5712480057962,3.79395521029809,"C"
"811",23192,47.3738898775262,3.87168274310189,"C"
"812",23193,47.4050765049705,3.87488732275416,"C"
"813",23194,47.6528657167388,3.7629702868171,"C"
"814",23195,47.5412570082751,3.7723007887736,"C"
"815",23198,47.3794357070756,3.86743459252313,"C"
"816",23199,47.41386387907,3.86867566478666,"C"
"817",23200,47.6444005953298,3.75589629855989,"C"
"818",23201,47.4841131843961,3.74902921977215,"C"
"819",23204,47.3944805882101,3.86001323436824,"C"
"820",23205,46.3327471521567,4.06509823706962,"C"
"821",23206,47.6401232523222,3.74778563508566,"C"
"822",23207,47.393161951218,3.72248313191225,"C"
"823",23210,47.3908762576352,3.85478110460242,"C"
"824",23211,46.6671691702879,4.00427957807195,"C"
"825",23212,47.6275852995695,3.73729831578634,"C"
"826",23213,47.2499752874807,3.69447356031576,"C"
"827",23216,47.3460490015047,3.85603191717598,"C"
"828",23217,46.4811113785109,4.03583642015429,"C"
"829",23218,47.6479361697295,3.7266417514213,"C"
"830",23219,47.2856489894807,3.68998915720672,"C"
"831",23222,47.2088531729636,3.86945274355784,"C"
"832",23223,46.3138583337375,4.065598687084,"C"
"833",23224,47.277560366876,3.87104202090176,"C"
"834",23225,47.5038046191464,3.70662763333909,"C"
"835",23228,46.8829413489958,3.90758029549664,"C"
"836",23229,47.3803910867717,3.85793857942289,"C"
"837",23230,47.2689896776635,3.87021758231573,"C"
"838",23231,47.5328588141302,3.71186541223458,"C"
"839",23234,46.7425544217832,3.89946855537997,"C"
"840",23235,47.3265955690765,3.86191547418283,"C"
"841",23236,47.171973692234,3.88051725110094,"C"
"842",23237,47.489198121502,3.71647610163055,"C"
"843",23240,47.0192001670573,3.82588514705268,"C"
"844",23241,47.2628825096592,3.86322115952132,"C"
"845",23242,47.0450218907376,3.89349144388786,"C"
"846",23243,46.1940774165878,4.02996682335433,"C"
"847",23246,47.5189165731785,3.66645179549585,"C"
"848",23247,47.277731252061,3.84106109995401,"C"
"849",23248,47.1421995744065,3.86577186368041,"C"
"850",23249,46.7320900213592,3.92631240952311,"C"
"851",23252,47.4536971375555,3.66263344265653,"C"
"852",23253,47.2440349859208,3.82711552089649,"C"
"853",23254,47.1032986618087,3.86040743746814,"C"
"854",23255,47.1943389402444,3.73678340549153,"C"
"855",23258,47.4164372929404,3.65463356950062,"C"
"856",23259,47.2379963695364,3.80194114719789,"C"
"857",23260,47.0571050993311,3.85351523800239,"C"
"858",23261,47.2345301427463,3.70616476595897,"C"
"859",23264,47.1576734881698,3.77187620093451,"C"
"860",23265,47.1299183956724,3.81847684735641,"C"
"861",23266,47.0319206868445,3.84920623797903,"C"
"862",23267,46.8807368600311,3.85592603200725,"C"
"863",23270,47.0013430542473,3.78468660355945,"C"
"864",23271,47.1414477578521,3.80230709380523,"C"
"865",23272,46.7902549790014,3.85045091413722,"C"
"866",23275,46.9358755069863,3.77452988356807,"C"
"867",23276,47.173203593907,3.77246683352788,"C"
"868",23277,46.8970113297788,3.8095750820277,"C"
"869",23280,47.0631819625984,3.75765220245464,"C"
"870",23281,47.1659505033995,3.76465260108137,"C"
"871",23282,47.0413568769132,3.77455973814189,"C"
"872",23285,46.8425638482258,3.80038924730759,"C"
"873",23286,47.105866602725,3.76309110001438,"C"
"874",23287,47.010271079983,3.77061408505146,"C"
"875",23290,46.826075107142,3.78432593847748,"C"
"876",23291,47.0524464376377,3.7628539386253,"C"
"877",23292,46.9527608181522,3.77244121474245,"C"
"878",23295,46.9118059109993,3.74691909683396,"C"
"879",23296,47.0034674697347,3.76423317514603,"C"
"880",23297,46.8467977977013,3.77519501059219,"C"
"881",23300,46.7707568524607,3.77437773023406,"C"
"882",23301,46.9233283849147,3.76995820423228,"C"
"883",23302,46.846942901854,3.77364184400026,"C"
"884",23305,46.5693888273172,3.79453305231049,"C"
"885",23306,46.8348519616118,3.77525568379346,"C"
"886",23307,46.7540866916772,3.78236526794489,"C"
"887",23310,46.3876457769996,3.82418406632015,"C"
"888",23311,46.5663517187706,3.80387277703788,"C"
"889",23312,46.4860526595909,3.80888551931434,"C"
"890",23315,46.2970970382003,3.82843478060789,"C"
"891",23316,46.5876218792208,3.79404679016527,"C"
"892",23317,46.5383193546943,3.81496810849901,"C"
"893",23320,46.3301503204222,3.81738793391907,"C"
"894",23321,46.5394653206734,3.79857209063465,"C"
"895",23322,46.6948754982343,3.80685191363287,"C"
"896",23325,46.4143854121093,3.80598098023676,"C"
"897",23326,46.5239430387727,3.79856213407987,"C"
"898",23327,46.6568314372531,3.82564004146936,"C"
"899",23330,46.408504612798,3.81151143624755,"C"
"900",23331,46.4547275779757,3.80806516775903,"C"
"901",23332,46.4257432419001,3.82542390715236,"C"
"902",23333,46.4141687166768,3.91175561614611,"C"
"903",23336,46.2861634147518,3.81521762264631,"C"
"904",23337,46.4015496357537,3.80744229870894,"C"
"905",23338,46.3465422261907,3.80806223362822,"C"
"906",23339,45.5309380984725,3.59489505187502,"C"
"907",23342,46.3269583516661,3.80620057996711,"C"
"908",23343,46.3201993124659,3.81076839807083,"C"
"909",23344,46.1619738970479,3.63215468286963,"C"
"910",23345,45.2332800662102,3.56694359093116,"C"
"911",23348,46.1566430300567,3.65617616071472,"C"
"912",23349,46.244564609292,3.81595884841444,"C"
"913",23350,46.0760041055807,3.63128777542312,"C"
"914",23351,45.5696873443235,3.58891570684022,"C"
"915",23354,46.1547617118004,3.83981431260024,"C"
"916",23355,46.1633738607908,3.82311925086745,"C"
"917",23356,46.1537335143146,3.80572263614521,"C"
"918",23357,45.9173112805146,3.61673965728818,"C"
"919",23360,46.1324738869276,3.84740615751209,"C"
"920",23361,46.1650454873632,3.81322315099384,"C"
"921",23362,46.059617867088,3.82135656303118,"C"
"922",23363,45.6843539840235,3.86749557491158,"C"
"923",23366,45.8126173350568,3.84480348917304,"C"
"924",23367,45.78166443772,3.95021859627111,"C"
"925",23368,45.6615512836046,3.93984792034286,"C"
"926",23369,45.8213949176344,3.84434094587097,"C"
"927",23372,45.9026678371514,3.83614285612075,"C"
"928",23373,45.7690824366942,3.95814195366025,"C"
"929",23374,45.7516195842917,3.92738028186783,"C"
"930",23375,45.8105213309495,3.84307778284456,"C"
"931",23378,45.717726469107,3.59569212197835,"C"
"932",23379,46.0223358668851,3.8208686985629,"C"
"933",23380,45.756882574974,3.89527359085445,"C"
"934",23381,45.6511816178778,3.90526242214571,"C"
"935",23384,45.4034291787676,3.5740484501535,"C"
"936",23385,45.9650169390083,3.82512961861596,"C"
"937",23386,45.6519415939347,3.89919937648896,"C"
"938",23387,45.5951071339484,3.90758465756302,"C"
"939",23390,45.5008057348729,3.59151113861675,"C"
"940",23391,45.8518171028596,3.83712615549395,"C"
"941",23392,45.1137115909124,3.9807239322684,"C"
"942",23393,45.5352643492946,3.88298956615076,"C"
"943",23396,44.4984913061671,3.53626809401323,"C"
"944",23397,45.4010554485881,3.58500326207112,"C"
"945",23398,45.7348936030964,3.8587538108802,"C"
"946",23399,45.5682103952206,3.8831936756693,"C"
"947",23402,42.6367574661457,3.48932871357724,"C"
"948",23403,45.0727121047627,3.55824750597785,"C"
"949",23404,45.6987714510161,3.86679700768716,"C"
"950",23405,45.2146368791161,3.614307463916,"C"
"951",23408,45.1852681224147,3.5736572343554,"C"
"952",23409,45.7795508930811,3.80420286860442,"C"
"953",23410,45.8157894908212,3.80268062612901,"C"
"954",23411,45.2673833810741,3.63270962683427,"C"
"955",23414,45.5158707344162,3.81342405129888,"C"
"956",23415,45.731530112805,3.79448985185781,"C"
"957",23416,45.6832449538307,3.80534150141994,"C"
"958",23417,45.4848058410102,3.83721939300008,"C"
"959",23420,45.6327418688343,3.77868454789577,"C"
"960",23421,45.7306849264899,3.78268666279663,"C"
"961",23422,45.6836962311358,3.79632540902066,"C"
"962",23423,45.5641708754214,3.8650110574843,"C"
"963",23426,45.6316430599653,3.76382956984032,"C"
"964",23427,45.7067545898897,3.7763918165141,"C"
"965",23428,45.6404108344319,3.78553161449271,"C"
"966",23429,44.4413575037914,3.54080409224702,"C"
"967",23432,45.5558178450111,3.77097535004389,"C"
"968",23433,45.6557136144848,3.77571835410354,"C"
"969",23434,43.640551910355,3.50405146887523,"C"
"970",23435,43.7732074079303,3.50973095540358,"C"
"971",23438,45.4491751552518,3.78703421291407,"C"
"972",23439,45.5845686728617,3.78029224944288,"C"
"973",23440,43.31104133149,3.49707812945031,"C"
"974",23441,42.9930635018612,3.49281677488169,"C"
"975",23445,45.241981200729,3.95356182963632,"C"
"976",23446,45.2721400647369,3.88271170521121,"C"
"977",23447,42.509446812393,3.48456683735775,"C"
"978",23448,41.8603397444225,3.47438618461587,"C"
"979",23453,45.3305201935814,3.59317202973349,"C"
"980",23454,44.8939305227747,3.57045358371149,"C"
"981",23455,43.6858611054627,3.50885016802721,"C"
"982",23456,42.5789623943581,3.48895028237744,"C"
"983",23462,42.1309426791286,3.48516028329509,"C"
"984",23463,44.0212483741016,3.5176203324243,"C"
"985",23464,44.9942506370903,3.64134604350825,"C"
"986",23465,43.1334562886327,3.51550454962597,"C"
"987",23474,41.1569425234647,3.47865071172344,"C"
"988",23475,44.8567295504561,3.61482013817699,"C"
"989",23476,44.9616010080374,3.65581856524696,"C"
"990",23477,42.5233328210466,3.5017321758635,"C"
"991",23487,42.1275218049068,3.47563494660144,"C"
"992",23488,44.8972194018763,3.66423325798487,"C"
"993",23489,44.9798301484116,3.6806778600706,"C"
"994",23490,42.9007519047278,3.51926773434471,"C"
"995",23505,41.0093514834066,3.46678481810628,"C"
"996",23506,44.8811114873506,3.70717941997306,"C"
"997",23507,45.0006802493848,3.70539912375717,"C"
"998",23508,43.526387317443,3.54151235018306,"C"
"999",23528,40.8502837046236,3.46005483124792,"D"
"1000",23529,44.9182639351696,3.73640248552448,"C"
"1001",23530,44.9985758935904,3.71949001612835,"C"
"1002",23531,43.4568154739218,3.53914632254581,"C"
"1003",23559,42.2762366346163,3.475956934679,"C"
"1004",23560,44.8674337126903,3.74599011181597,"C"
"1005",23561,44.9174301788745,3.72711414362759,"C"
"1006",23562,42.3725989265561,3.50909654309445,"C"
"1007",23594,42.7698325480152,3.49266788719518,"C"
"1008",23595,44.7771085959207,3.72165920424141,"C"
"1009",23596,44.8464515484478,3.74506212461445,"C"
"1010",23597,41.7718665577054,3.49547953547742,"C"
"1011",23633,42.9818769977218,3.50505385188502,"C"
"1012",23634,44.6995616822468,3.70430421082313,"C"
"1013",23635,44.7139800230341,3.73374817645543,"C"
"1014",23636,44.403974832861,3.7668725048325,"C"
"1015",23671,43.1142898311648,3.5143311585644,"C"
"1016",23672,44.63751253018,3.71110793287928,"C"
"1017",23673,44.6434866588325,3.73698585097838,"C"
"1018",23674,44.2266279115256,3.7802085041508,"C"
"1019",23712,43.1225329230966,3.51784023758983,"C"
"1020",23713,44.5159739136558,3.69578368543471,"C"
"1021",23714,44.5582142071496,3.73661850984363,"C"
"1022",23715,44.0544476277394,3.80101386172348,"C"
"1023",23750,43.9696158554975,3.66065325040534,"C"
"1024",23751,44.3073743462316,3.65778769728615,"C"
"1025",23752,44.3917421855314,3.71181217479402,"C"
"1026",23753,41.4209002492389,3.48311362508324,"C"
"1027",23792,43.7585489561225,3.68072090918096,"C"
"1028",23793,44.1561092552103,3.6594592419612,"C"
"1029",23794,44.0953471726069,3.65746658631642,"C"
"1030",23795,42.0366314869346,3.49576816459881,"C"
"1031",23841,43.4193776787981,3.65889390961609,"C"
"1032",23842,43.8104536183606,3.62347615208088,"C"
"1033",23843,43.8217490364428,3.61708199448886,"C"
"1034",23844,43.5299380379541,3.59559230326767,"C"
"1035",23893,43.1525990321804,3.63203226537742,"C"
"1036",23894,43.6898316430199,3.62570097816404,"C"
"1037",23895,43.687471878181,3.61809839078879,"C"
"1038",23896,43.4344001050363,3.60079514246706,"C"
"1039",23947,42.1566432655279,3.4914237349945,"C"
"1040",23948,43.6001303868829,3.63078511197276,"C"
"1041",23949,43.5738749382739,3.62325005292839,"C"
"1042",23950,43.2019377255566,3.62553205611802,"C"
"1043",24006,41.8999300931511,3.48918762709352,"C"
"1044",24007,43.4656284738775,3.6356716102471,"C"
"1045",24008,43.4100061314483,3.62869178258591,"C"
"1046",24009,43.1231682687621,3.63490839011782,"C"
"1047",24048,41.9841797473991,3.50038410881543,"C"
"1048",24049,43.2227589836677,3.63956276341976,"C"
"1049",24050,43.2090675227112,3.6373095519636,"C"
"1050",24051,43.0301059304898,3.64468895077649,"C"
"1051",24083,42.0779866675448,3.51860744250822,"C"
"1052",24084,43.0649084966401,3.64576405375364,"C"
"1053",24085,43.0443402853717,3.64548246970912,"C"
"1054",24086,42.9005408299566,3.65248824519966,"C"
"1055",24109,41.9802052460133,3.52184149395805,"C"
"1056",24110,42.9458578386311,3.64820852267497,"C"
"1057",24111,42.8921319441087,3.6531998408966,"C"
"1058",24112,42.5755420426275,3.66206993985277,"C"
"1059",24129,41.8884424032721,3.52440400206799,"C"
"1060",24130,42.85110183719,3.65363061050497,"C"
"1061",24131,42.7749362133035,3.65823488868291,"C"
"1062",24132,41.5933294235282,3.54826893506704,"C"
"1063",24149,41.6993814587745,3.52318497355297,"C"
"1064",24150,42.7871085266577,3.65097356396427,"C"
"1065",24151,42.6485961744754,3.66240209701957,"C"
"1066",24152,42.228210772958,3.66098200613952,"C"
"1067",24167,41.5824844863259,3.52689232614403,"C"
"1068",24168,42.6875029955375,3.65031945761716,"C"
"1069",24169,42.5358031542136,3.66569308137073,"C"
"1070",24170,42.4322459616007,3.67460854894931,"C"
"1071",24178,41.3970831662306,3.52919881335647,"C"
"1072",24179,42.5689124936497,3.6515369167968,"C"
"1073",24180,42.4160804285629,3.67141411253843,"C"
"1074",24181,41.9919607153276,3.68897691215658,"C"
"1075",24185,41.2625717967114,3.53105208642064,"C"
"1076",24186,42.3269218031285,3.67143601397412,"C"
"1077",24187,42.2762988124275,3.68040346296471,"C"
"1078",24188,41.3027676280279,3.59579146072376,"C"
"1079",24192,41.8810543305124,3.64223252634789,"C"
"1080",24193,42.1290921837384,3.6857292878594,"C"
"1081",24194,42.1189291438487,3.69163556880494,"C"
"1082",24195,41.2825798966189,3.5953691908576,"C"
"1083",24201,41.9311422575676,3.64725454166999,"C"
"1084",24202,41.9389113854163,3.70031310592055,"C"
"1085",24203,41.9381055136126,3.70489923925136,"C"
"1086",24204,41.4784324479777,3.59177215878129,"C"
"1087",24212,41.8423732718505,3.66601912309429,"C"
"1088",24213,41.7648676736756,3.71510740428579,"C"
"1089",24214,41.7897211401509,3.71817577716144,"C"
"1090",24215,41.492076616621,3.58812252497043,"C"
"1091",24226,41.7669235418994,3.67895832034904,"C"
"1092",24227,41.5758937820313,3.71537722727025,"C"
"1093",24228,41.6280387868786,3.7294058591529,"C"
"1094",24229,41.3971980810433,3.58580672569543,"C"
"1095",24242,41.6798900990624,3.68624766410912,"C"
"1096",24243,35.5298922860818,3.32501943281966,"D"
"1097",24244,41.4285105899428,3.69220195168402,"C"
"1098",24245,41.2963917537597,3.58978823988542,"C"
"1099",24260,40.6036842885412,3.62617119085124,"D"
"1100",24261,36.0049908681587,3.29899330743203,"D"
"1101",24262,41.534430077159,3.70057734082909,"C"
"1102",24263,41.17512448587,3.59106348545514,"C"
"1103",24280,40.8250814903729,3.60863071511482,"D"
"1104",24281,36.0134040040134,3.26115266090107,"D"
"1105",24282,41.4739812048325,3.70427561785741,"C"
"1106",24283,41.0557869883311,3.59162111801071,"C"
"1107",24300,40.6833680314292,3.55725528150593,"D"
"1108",24301,36.2404693682815,3.24480467620098,"D"
"1109",24302,39.4096477650428,3.49119005142353,"D"
"1110",24303,40.9405694834432,3.59157619577206,"D"
"1111",24321,36.7748894819178,3.2467497633504,"D"
"1112",24322,36.1087233547424,3.24213788689818,"D"
"1113",24323,39.1020306193743,3.40482109334018,"D"
"1114",24324,40.7267732211449,3.58653951799821,"D"
"1115",24343,36.2844273663762,3.24188626475775,"D"
"1116",24344,36.1849936818482,3.24053724183854,"D"
"1117",24345,39.5885708267399,3.44222310114983,"D"
"1118",24346,40.7565789212932,3.59116074836534,"D"
"1119",24357,36.7044963627142,3.2448547207351,"D"
"1120",24358,36.294366714663,3.24279701877844,"D"
"1121",24359,39.7526130514999,3.4194314423661,"D"
"1122",24360,40.2394864522916,3.5592246115444,"D"
"1123",24367,39.680392420244,3.35556736743419,"D"
"1124",24368,38.1509527602777,3.28856055724031,"D"
"1125",24369,39.9677195853477,3.2461530080158,"D"
"1126",24370,40.7622938168033,3.59936559173888,"D"
"1127",24378,40.5849475374296,3.59024889540545,"D"
"1128",24379,39.6202798633402,3.24778011263771,"D"
"1129",24380,31.0881263718684,7.84239589037799,"D"
"1130",24381,39.0551376258611,3.21105186081027,"D"
"1131",24390,40.2244713239051,3.55967167188641,"D"
"1132",24391,40.8353538440233,3.55576740185531,"D"
"1133",24392,32.0519580496837,7.78390761151152,"D"
"1134",24393,39.1958512904641,3.24893495792146,"D"
"1135",24405,40.095250162449,3.55710366400753,"D"
"1136",24406,39.1266783895515,3.26234667514807,"D"
"1137",24407,31.5872239952203,8.78208755148682,"D"
"1138",24408,32.1609644014621,7.77054948142534,"D"
"1139",24420,39.8285684177141,3.54926440683179,"D"
"1140",24421,33.0001589568656,7.02100968390373,"D"
"1141",24422,31.6720343401723,8.82167120907848,"D"
"1142",24423,32.1971485451581,7.79334858034767,"D"
"1143",24432,39.2036346511125,3.52159412166338,"D"
"1144",24433,38.7974701545815,3.30687611011534,"D"
"1145",24434,30.4538863909221,8.44706131341993,"D"
"1146",24435,32.4113608011689,7.5191825692699,"D"
"1147",24442,39.6477499871671,3.2991721270617,"D"
"1148",24443,31.9386913349325,6.75010842393736,"D"
"1149",24444,29.3991496940046,8.41472875072579,"D"
"1150",24445,38.0654518018223,3.36495877470032,"D"
"1151",24451,38.0745291930086,3.3559100155957,"D"
"1152",24452,29.0568637983697,8.33464124441976,"D"
"1153",24453,29.0567264893975,8.32537668073272,"D"
"1154",24454,37.6986271255919,3.36705930678351,"D"
"1155",24461,38.9673566297223,3.46599146905887,"D"
"1156",24462,38.2489059623535,3.38027169125433,"D"
"1157",24463,28.9926960065246,8.20608476153623,"D"
"1158",24464,33.5644522135048,5.01414456262014,"D"
"1159",24472,38.2962004776395,3.29958628768429,"D"
"1160",24473,37.9554118329096,3.39369944398288,"D"
"1161",24474,32.0948685124825,6.40891547135762,"D"
"1162",24475,38.0445471290532,3.35099143749122,"D"
"1163",24484,38.4898351504182,3.26212752099514,"D"
"1164",24485,37.8520928138642,3.39378599171859,"D"
"1165",24486,31.629699429406,6.45839905597829,"D"
"1166",24487,38.185704222782,3.30389564966827,"D"
"1167",24495,38.5952834827595,3.2505477072785,"D"
"1168",24496,37.7884043232221,3.38724826134544,"D"
"1169",24497,31.3728533467142,6.42697260437776,"D"
"1170",24498,38.4264939775447,3.26400276164137,"D"
"1171",24510,38.3648886782786,3.26232534809193,"D"
"1172",24511,37.6523990054864,3.4004668087865,"D"
"1173",24512,31.4187721207331,6.19933111799796,"D"
"1174",24513,31.6996664077488,5.9363854133643,"D"
"1175",24528,38.6525911478856,3.43877466148193,"D"
"1176",24529,37.4918580138756,3.41560932187949,"D"
"1177",24530,28.2683279765887,6.90801968660894,"D"
"1178",24531,28.0506051546194,7.07680277005285,"D"
"1179",24544,38.736001336432,3.45921717229596,"D"
"1180",24545,37.2206937653681,3.46475657020269,"D"
"1181",24546,28.4262658781687,6.94874127555604,"D"
"1182",24547,31.8520783804005,5.82857446182472,"D"
"1183",24557,30.006552494769,5.82685452913331,"D"
"1184",24558,29.8908235732063,5.89003731995861,"D"
"1185",24559,31.6772845242775,5.80221780214004,"D"
"1186",24560,39.8112990519888,3.27638734903572,"D"
"1187",24574,30.2471382295978,5.42815013635472,"D"
"1188",24575,30.3915062734915,5.65019124748441,"D"
"1189",24576,39.511004178632,3.25201750630359,"D"
"1190",24577,37.4768693532581,3.41143706266778,"D"
"1191",24593,30.1341701638988,5.41270202447984,"D"
"1192",24594,30.4595837052498,5.42830368147223,"D"
"1193",24595,39.4191505686905,3.25421294048636,"D"
"1194",24596,37.0829178938105,3.40891970338734,"D"
"1195",24609,30.395490769148,5.3266503052859,"D"
"1196",24610,30.3871167136255,5.35414565972821,"D"
"1197",24611,36.8954380099043,3.35206624176642,"D"
"1198",24612,37.0491166505066,3.40650665479395,"D"
"1199",24628,29.8848936974295,5.27218752007755,"D"
"1200",24629,31.6619035814427,4.74217715609811,"D"
"1201",24630,37.1364568722426,3.35891866757149,"D"
"1202",24631,37.4482261245025,3.40839632748597,"D"
"1203",24648,31.4495626364014,4.60713522449056,"D"
"1204",24649,31.094884641137,4.59854438193768,"D"
"1205",24650,38.9097853467853,3.22176510299663,"D"
"1206",24651,37.2201792842532,3.39496498530938,"D"
"1207",24669,35.0613366029112,3.67432940733022,"D"
"1208",24670,30.6161785814794,4.56476129969093,"D"
"1209",24671,38.7351755333602,3.2209128546335,"D"
"1210",24672,36.3231545385068,3.35961684223472,"D"
"1211",24687,34.5441121649643,3.69483220921881,"D"
"1212",24688,30.7532249511085,4.50296609263344,"D"
"1213",24689,38.5714500218837,3.21943671254688,"D"
"1214",24690,33.8839837486307,3.38227990785547,"D"
"1215",24706,34.1354458212717,3.70149420244844,"D"
"1216",24707,31.1694771764353,4.46653577093548,"D"
"1217",24708,38.3557965107647,3.21213138544526,"D"
"1218",24709,34.1680906392564,3.36779013639569,"D"
"1219",24723,35.1519293672953,3.42800474739486,"D"
"1220",24724,34.9458704241278,3.48665268627832,"D"
"1221",24725,37.9823855768191,3.20414630620057,"D"
"1222",24726,35.5142929347758,3.30190541505477,"D"
"1223",24740,38.1521481244149,3.20645268653803,"D"
"1224",24741,36.8404496452098,3.24713175003758,"D"
"1225",24742,37.7447962491959,3.20155814237074,"D"
"1226",24743,35.9886931441617,3.29149819049719,"D"
"1227",24756,37.7223351928101,3.20267990198866,"D"
"1228",24757,37.3927673079842,3.20032501101978,"D"
"1229",24758,37.5535001303113,3.20220604476289,"D"
"1230",24759,36.1113417479209,3.29298777337555,"D"
"1231",24772,35.3772689783846,3.31429669608728,"D"
"1232",24773,36.2319958644927,3.28959840326629,"D"
"1233",24774,37.5410530711176,3.21513901303751,"D"
"1234",24775,37.3424767187982,3.2280907005103,"D"
"1235",24788,34.6659817252878,3.34854202271852,"D"
"1236",24789,35.4960096018455,3.30924424800635,"D"
"1237",24790,36.9442981665391,3.24477609443329,"D"
"1238",24791,37.0310002267287,3.23782263150626,"D"
"1239",24805,35.6145138072549,3.27658751773042,"D"
"1240",24806,36.2326881679659,3.26824206367527,"D"
"1241",24807,36.5666778814426,3.25105671816835,"D"
"1242",24808,36.6641585312754,3.24266220519972,"D"
"1243",24822,35.8239710702247,3.26823492739654,"D"
"1244",24823,36.1915378107451,3.26340120898037,"D"
"1245",24824,36.3039094028963,3.25121959090051,"D"
"1246",24825,36.2526179426367,3.24854483435327,"D"
"1247",24838,35.5069980178744,3.27681248722537,"D"
"1248",24839,36.0467700570414,3.26439500545826,"D"
"1249",24840,36.0633144246429,3.25441209067805,"D"
"1250",24841,35.7234291465709,3.25739203723206,"D"
"1251",24849,35.2954263936988,3.28297597284312,"D"
"1252",24850,35.9206920870488,3.26302523025403,"D"
"1253",24851,35.9239147882064,3.25794113976685,"D"
"1254",24852,33.5191347582142,3.38462979957621,"D"
"1255",24862,34.8124277055541,3.3000742190996,"D"
"1256",24863,35.0221478442831,3.28762392419139,"D"
"1257",24864,35.507564947511,3.26561471296278,"D"
"1258",24865,32.1444728032962,3.47799415677855,"D"
"1259",24874,34.5517080057853,3.30906614731298,"D"
"1260",24875,34.9680446533232,3.28657207279885,"D"
"1261",24876,35.1468930619099,3.274280431168,"D"
"1262",24877,31.6297183749737,3.52525508210819,"D"
"1263",24888,34.4009499216871,3.31426150837539,"D"
"1264",24889,34.9024277594157,3.28709848854709,"D"
"1265",24890,34.4282220575882,3.30076952280011,"D"
"1266",24891,31.9421754281223,3.48848774298395,"D"
"1267",24904,33.9118908946374,3.32355577437106,"D"
"1268",24905,34.613506117486,3.29847253077024,"D"
"1269",24906,34.5161686100884,3.3002263837349,"D"
"1270",24907,33.3208482943187,3.33932586477136,"D"
"1271",24921,33.9445290801039,3.3238655455939,"D"
"1272",24922,34.3217917349736,3.3087758874054,"D"
"1273",24923,34.2775172337822,3.30838824381578,"D"
"1274",24924,33.3738696128747,3.34377656931068,"D"
"1275",24937,33.8626852602596,3.32516609775501,"D"
"1276",24938,34.1260535652376,3.31495961829918,"D"
"1277",24939,34.153226582334,3.31241727023542,"D"
"1278",24940,33.9667925735638,3.31660081362939,"D"
"1279",24951,33.578556479462,3.33946937256464,"D"
"1280",24952,33.970297540658,3.3201217765219,"D"
"1281",24953,33.8506389937135,3.32296939666446,"D"
"1282",24965,31.2837579664503,3.50520198602547,"D"
"1283",24966,33.8370324631994,3.32423253767378,"D"
"1284",24967,33.6965791459513,3.32771516488359,"D"
"1285",24979,30.857787339159,3.53184755698654,"D"
"1286",24980,33.6834151402358,3.32982345739886,"D"
"1287",24981,33.5069044936066,3.33453037985661,"D"
"1288",24992,30.6401747405127,3.546992006975,"D"
"1289",24993,33.4482778857357,3.34202382231241,"D"
"1290",24994,33.1751816052571,3.35075438068995,"D"
"1291",25004,30.8546560453883,3.52388656915235,"D"
"1292",25005,33.1899330219251,3.35478393999542,"D"
"1293",25006,32.9099501800512,3.3659581065204,"D"
"1294",25014,31.1252890488267,3.50119989396057,"D"
"1295",25015,33.0321827475257,3.36336614358163,"D"
"1296",25016,32.7883317009913,3.37374581089025,"D"
"1297",25023,32.1673879685383,3.41415854080129,"D"
"1298",25024,32.7286647751995,3.38011935894302,"D"
"1299",25025,32.596939525314,3.38456770476837,"D"
"1300",25032,32.1029088103652,3.41695539727651,"D"
"1301",25033,32.4697680454021,3.39491356893853,"D"
"1302",25034,32.3547540218357,3.39937903560103,"D"
"1303",25040,31.9254909448416,3.42534214184137,"D"
"1304",25041,32.2023808577015,3.40946546434649,"D"
"1305",25042,32.0872093661151,3.41486503421942,"D"
"1306",25048,31.7275865594511,3.43488302233966,"D"
"1307",25049,31.9683637863207,3.4252636622465,"D"
"1308",25050,31.8032817187445,3.43001511154129,"D"
"1309",25056,31.4924066445654,3.44659877029618,"D"
"1310",25057,31.699996576653,3.44006526491296,"D"
"1311",25058,31.4524876787105,3.4473976302156,"D"
"1312",25064,31.1780874078101,3.46300505065489,"D"
"1313",25065,31.3063306958949,3.46323773924321,"D"
"1314",25066,30.9785226071376,3.47528281527659,"D"
"1315",25072,30.8706128309872,3.48076478971783,"D"
"1316",25073,31.099074640475,3.47704472945297,"D"
"1317",25074,30.7222264883937,3.49869000663962,"D"
"1318",25080,30.6516244282382,3.49867534637168,"D"
"1319",25081,33.6579758619449,8.24843613159115,"D"
"1320",25082,30.5862164029549,3.50532394115209,"D"
"1321",25088,30.5780383908849,3.5066557797634,"D"
"1322",25089,30.7454023979291,3.50011038527051,"D"
"1323",25090,30.289321750803,3.52124269193145,"D"
"1324",25096,30.463087987968,3.51487853765752,"D"
"1325",25097,30.6173490138043,3.50801566561105,"D"
"1326",25098,29.9973536872733,3.61304506600365,"D"
"1327",25104,30.3378339054225,3.52351695754345,"D"
"1328",25105,30.4181195324813,3.52935204273348,"D"
"1329",25106,29.2847904849264,3.80284791031474,"D"
"1330",25112,30.1973182938383,3.53060909773098,"D"
"1331",25113,30.1937892909757,3.5482552305996,"D"
"1332",25114,29.0968554232683,3.89664876247711,"D"
"1333",25120,30.040040408349,3.53853167744867,"D"
"1334",25121,30.0392286747582,3.55019723794423,"D"
"1335",25122,28.9736591933282,3.99026946424012,"D"
"1336",25128,29.9252644307802,3.5493979284268,"D"
"1337",25129,29.8992030939208,3.55584588521506,"D"
"1338",25130,29.127375709403,3.80210517322403,"D"
"1339",25136,29.8060247758208,3.56265597649336,"D"
"1340",25137,29.6931753429867,3.56700492941087,"D"
"1341",25138,28.9694496726129,3.80275666389083,"D"
"1342",25143,29.6197674313031,3.60206242652345,"D"
"1343",25144,29.6101304376671,3.58405718309295,"D"
"1344",25145,28.4375904921846,3.95592211768527,"D"
"1345",25150,29.4079045824414,3.64085538212891,"D"
"1346",25151,29.4848813516645,3.60218353036039,"D"
"1347",25152,28.2233895110911,4.11383143944581,"D"
"1348",25155,29.279798124672,3.6613629193057,"D"
"1349",25156,29.0509162523926,3.7308622272115,"D"
"1350",25157,28.3435053757595,4.19642134686409,"D"
"1351",25160,29.1039801368495,3.70234051524777,"D"
"1352",25161,28.7066473557429,3.85611634614171,"D"
"1353",25162,28.2608543372672,4.20690280982437,"D"
"1354",25165,28.9611411679445,3.73485123384148,"D"
"1355",25166,28.6096729676461,3.87177665267693,"D"
"1356",25167,28.2232431405129,4.21151623751688,"D"
"1357",25170,28.9164104012359,3.73369585009883,"D"
"1358",25171,28.6317128176066,3.83990883238396,"D"
"1359",25172,28.1681367931496,4.21617457214902,"D"
"1360",25175,28.8212216497637,3.74883560753306,"D"
"1361",25176,28.679976478443,3.79573255410523,"D"
"1362",25177,28.2045100317208,4.10125068437715,"D"
"1363",25180,28.6944763419358,3.7636968258552,"D"
"1364",25181,28.6397269975356,3.77933441696601,"D"
"1365",25182,28.1570918017891,4.06310539558392,"D"
"1366",25185,28.5086677986346,3.78665427367695,"D"
"1367",25186,28.5182317354639,3.80902762278019,"D"
"1368",25187,28.0788082470747,4.11166434641127,"D"
"1369",25190,28.3436452372037,3.83708515323879,"D"
"1370",25191,28.320554757208,3.91089287952491,"D"
"1371",25192,27.877536275503,4.31773006942133,"D"
"1372",25195,28.2005362669124,3.88737441573326,"D"
"1373",25196,28.2086549989848,3.94076009536573,"D"
"1374",25197,27.6642835606096,4.50890833659665,"D"
"1375",25200,28.0410445651044,3.92565623055468,"D"
"1376",25201,28.1017493155867,3.94169227401281,"D"
"1377",25202,27.5824874789841,4.48978356582232,"D"
"1378",25205,27.8900375453654,3.99312321023068,"D"
"1379",25206,27.9025768692331,3.96309867043725,"D"
"1380",25207,27.475129526076,4.55871752188614,"D"
"1381",25210,27.7250627814633,4.10598886750418,"D"
"1382",25211,27.6641743985831,4.13284010620372,"D"
"1383",25212,27.4150184578512,4.55085300441523,"D"
"1384",25215,27.5906731071723,4.17647830622133,"D"
"1385",25216,27.4972013672653,4.23346383574538,"D"
"1386",25217,27.218497635858,4.30825909095921,"D"
"1387",25220,27.4466242932757,4.20729660141415,"D"
"1388",25221,27.3683831580978,4.25908022985057,"D"
"1389",25222,27.042219662635,4.32828389620296,"D"
"1390",25228,27.2501375952,4.2464566117242,"D"
"1391",25229,27.200434680375,4.29463547453894,"D"
"1392",25230,26.8548809949298,4.35936191356237,"D"
"1393",25236,26.9978827736069,4.30127346159207,"D"
"1394",25237,26.9539658999354,4.34663907985052,"D"
"1395",25238,26.6347325183384,4.40182770536172,"D"
"1396",25247,26.7297399617157,4.3868129443771,"D"
"1397",25248,26.6343373110496,4.41277781782214,"D"
"1398",25249,26.3315976288154,4.45667152771351,"D"
"1399",25260,26.4618112995932,4.48335903685917,"D"
"1400",25261,26.364517637279,4.48265970957608,"D"
"1401",25262,26.2502039308292,4.5661983942794,"D"
"1402",25273,26.2551097461174,4.54152935366521,"D"
"1403",25274,26.1971984916173,4.54634715500108,"D"
"1404",25275,26.0745294055955,4.64206534617726,"D"
"1405",25286,26.0408227507278,4.5890077482305,"D"
"1406",25287,26.0301478018709,4.59654777828454,"D"
"1407",25288,25.8639960519947,4.66728591250223,"D"
"1408",25301,35.8470754844944,7.35613670305061,"D"
"1409",25302,25.7763185344114,4.66070546295813,"D"
"1410",25303,25.7871474787365,4.70213332423639,"D"
"1411",25321,25.6860999955498,4.6684057680415,"D"
"1412",25322,25.472029473966,4.68935157557542,"D"
"1413",25323,25.759645762059,4.7357828405376,"D"
"1414",25343,25.8485748561162,4.74274378070702,"D"
"1415",25344,25.4727049199478,4.72069827045968,"D"
"1416",25345,25.783590506687,4.76626437533576,"D"
"1417",25367,25.2883370982717,4.73637313441563,"D"
"1418",25368,25.5672485523198,4.75209782202903,"D"
"1419",25369,25.7279228810323,4.77467705159513,"D"
"1420",25392,25.2904534351585,4.74084801885279,"D"
"1421",25393,25.0115068465241,4.72323429053672,"D"
"1422",25394,25.6074558478,4.76803476115004,"D"
"1423",25419,25.1133460500951,4.72964693504477,"D"
"1424",25420,23.2943554167459,4.69412683906514,"D"
"1425",25421,25.5228217125058,4.7626648825266,"D"
"1426",25447,25.8401561010206,4.80206609027397,"D"
"1427",25448,23.7922907559456,4.6870886172448,"D"
"1428",25449,25.4763950119799,4.7657608751326,"D"
"1429",25476,25.9739279725554,4.83872625352626,"D"
"1430",25477,25.7993034586473,4.80625130213047,"D"
"1431",25478,25.7675554993761,4.80006236545356,"D"
"1432",25505,26.1738013541274,4.88882691593792,"D"
"1433",25506,26.0567231340198,4.84876678018404,"D"
"1434",25507,26.0008402386731,4.83660378084608,"D"
"1435",25538,26.2815880866996,4.91718094443298,"D"
"1436",25539,28.5890557532812,5.43993708844038,"D"
"1437",25540,26.0489003273653,4.8490338739601,"D"
"1438",25569,26.4154973722687,4.95811193790352,"D"
"1439",25570,26.2808669617311,4.9157543823466,"D"
"1440",25571,26.1270691737606,4.88094829661698,"D"
"1441",25598,26.5123825890181,4.98283627405678,"D"
"1442",25599,26.3647825050968,4.94394840496162,"D"
"1443",25600,26.1707352498251,4.89514129825256,"D"
"1444",25613,26.5584732078688,4.99373728029254,"D"
"1445",25614,26.451150853267,4.9698466234129,"D"
"1446",25615,26.2140268782261,4.9077621216929,"D"
"1447",25629,26.6248593494811,5.00762551742237,"D"
"1448",25630,26.5387139815148,4.99430568960651,"D"
"1449",25631,26.1711621815246,4.91068727805453,"D"
"1450",25643,26.704886451691,5.02298911148827,"D"
"1451",25644,26.6250648086879,5.01825399630743,"D"
"1452",25645,26.3128403724459,5.02093740619555,"D"
"1453",25652,26.7552622325123,5.03231708519612,"D"
"1454",25653,26.667560395843,5.03013716243619,"D"
"1455",25654,26.5950383540712,5.0280414352452,"D"
"1456",25658,26.8260492985183,5.04240723788803,"D"
"1457",25659,26.7672444305375,5.030899122907,"D"
"1458",25660,26.6245334360132,5.01580294147067,"D"
"1459",25664,31.6861778223186,6.00773570117309,"D"
"1460",25665,26.1103973778784,4.91564375670979,"D"
"1461",25666,26.7148911673594,5.03010674608451,"D"
"1462",25670,26.7959503036073,5.03565992712835,"D"
"1463",25671,26.8593065618521,5.04772339181121,"D"
"1464",25672,26.817800923767,5.04248698723807,"D"
"1465",25676,26.8804385235584,5.05443669923671,"D"
"1466",25677,26.938440075231,5.0622525840357,"D"
"1467",25678,26.8985268332715,5.05325626900942,"D"
"1468",25682,35.6647082632397,7.37386980904508,"D"
"1469",25683,26.9541746266887,5.06038054448895,"D"
"1470",25684,26.9222337287934,5.05481974735662,"D"
"1471",25688,26.9185749974263,5.06606719158677,"D"
"1472",25689,27.0400663452995,5.07568396625526,"D"
"1473",25690,26.9870150063018,5.06693945570817,"D"
"1474",25694,26.6779810822253,5.07478403532617,"D"
"1475",25695,26.7272337408629,5.07142188982569,"D"
"1476",25696,27.016150756859,5.07455271835361,"D"
"1477",25700,26.6288808938975,5.10221719187875,"D"
"1478",25701,26.5863297517427,5.09867404522721,"D"
"1479",25702,26.4383100747089,5.07002835694473,"D"
"1480",25706,26.6158883103914,5.14665863897353,"D"
"1481",25707,26.6859554624404,5.12647797478023,"D"
"1482",25708,27.1204519325552,5.08964935588499,"D"
"1483",25712,26.6568945937088,5.19128232903714,"D"
"1484",25713,16.134456359696,6.14431058298649,"D"
"1485",25714,26.2774124501379,5.12509273410322,"D"
"1486",25718,26.7209316484012,5.21922039649888,"D"
"1487",25719,25.3135881747417,5.10213713635477,"D"
"1488",25723,27.0034629715486,5.27474032767499,"D"
"1489",25724,26.3158360011391,5.25162791091071,"D"
"1490",25728,27.1397234269217,5.34832573035933,"D"
"1491",25729,27.062462807108,5.32728751364266,"D"
"1492",25733,25.6369350886235,5.29289800925228,"D"
"1493",25734,27.0901215796111,5.09556436931997,"D"
"1494",25738,25.8751915535178,5.32198235664722,"D"
"1495",25739,26.7269883563079,5.28729122623294,"D"
"1496",25743,26.1723397889627,5.36423105077885,"D"
"1497",25744,26.5689818396805,5.41949042091811,"D"
"1498",25748,27.5710317357917,5.51028354363539,"D"
"1499",25749,26.8554146920475,5.46846836511758,"D"
"1500",25753,27.0289134138601,5.50819315810068,"D"
"1501",25754,26.8736486341328,5.48073610961882,"D"
"1502",25758,27.0805762248759,5.51899589026675,"D"
"1503",25759,27.3459456963315,5.44707001616429,"D"
"1504",25763,27.167321781584,5.54234292740785,"D"
"1505",25764,27.0215100944773,5.10804909993942,"D"
"1506",25768,27.8057079210416,5.63439490186538,"D"
"1507",25769,27.7715878266225,5.62576222140606,"D"
"1508",25773,27.979921421658,5.72754233729744,"D"
"1509",25774,28.6254263083278,6.29913163173871,"D"
"1510",25778,27.2073192339581,5.16929597024746,"D"
"1511",25779,28.8342407656674,6.35194614421005,"D"
"1512",25783,27.2716021310624,5.19249312961375,"D"
"1513",25784,28.9804181149615,6.39177848731998,"D"
"1514",25788,28.6283449053181,6.05707995526652,"D"
"1515",25789,29.1264391375674,6.43466179676432,"D"
"1516",25793,28.8703324165463,6.21014980521602,"D"
"1517",25794,28.7734259879728,6.19251330592204,"D"
"1518",25798,28.9329885856858,6.23289036626769,"D"
"1519",25799,28.8049130809739,6.19672699329854,"D"
"1520",25803,31.7839479203775,8.80480863108542,"D"
"1521",25804,31.6153643877836,8.75181589704749,"D"
"1522",25808,31.8623773213542,8.83159645504435,"D"
"1523",25809,31.68901194391,8.76833199679362,"D"
"1524",25813,31.9237917989082,8.91636043540767,"D"
"1525",25814,31.7227288775104,8.76168771147842,"D"
"1526",25818,32.1124181575872,8.98346067036707,"D"
"1527",25819,31.7878211539623,8.77906219746512,"D"
"1528",25823,31.6120744279881,8.67499518356289,"D"
"1529",25824,31.6497318369028,8.7059434407315,"D"
"1530",25827,28.7149405517831,6.11237490283651,"D"
"1531",25828,28.8993723364718,6.18005079288849,"D"
"1532",25831,28.7564840884809,6.38223049851211,"D"
"1533",25832,28.4791498556574,6.32509184074089,"D"
"1534",25835,28.8632657622356,6.40063728491317,"D"
"1535",25836,28.6717547370014,6.35934224715949,"D"
"1536",25839,28.7548931371505,6.34815951400975,"D"
"1537",25840,28.4282728807564,6.00415535941578,"D"
"1538",25843,40.3480641534991,5.59894589317777,"D"
"1539",25844,27.1304350123229,5.19266980661247,"D"
"1540",25847,28.5338622186096,6.25413241939955,"D"
"1541",25848,27.0304675274316,5.17181689749733,"D"
"1542",25851,27.9542899768218,5.70066562715651,"D"
"1543",25852,26.9376639615771,5.14970621860179,"D"
"1544",25855,27.7206580056405,5.59619446836934,"D"
"1545",25856,27.6351799013472,5.56934075523152,"D"
"1546",25860,27.694263285791,5.58982305093239,"D"
"1547",25861,27.7002511240842,5.57024183396294,"D"
"1548",25865,27.7004101826569,5.57209520410443,"D"
"1549",25866,27.6630889017154,5.5654468746427,"D"
"1550",25870,27.5364251359037,5.51134067300006,"D"
"1551",25871,27.5431169164884,5.51396214172972,"D"
"1552",25875,26.8707457584868,5.14639805321835,"D"
"1553",25876,27.4340039958805,5.47215704526063,"D"
"1554",25880,26.7889358218872,5.12562232584323,"D"
"1555",25881,27.2498158884703,5.36923717700803,"D"
"1556",25885,26.7533158766725,5.12011569270486,"D"
"1557",25886,26.8662516434859,5.3126838651,"D"
"1558",25890,26.8453903277465,5.22981973849388,"D"
"1559",25891,26.4665543298394,5.21988288846977,"D"
"1560",25895,25.8452365594548,5.09644670912524,"D"
"1561",25896,26.2831640880067,5.18151153883603,"D"
"1562",25900,26.6120529834297,5.17639207247025,"D"
"1563",25901,26.8019287619319,5.21097214270089,"D"
"1564",25905,26.5520146567634,5.15449788685267,"D"
"1565",25906,26.7039803979142,5.18768488956676,"D"
"1566",25910,26.4955950230808,5.13771407937706,"D"
"1567",25911,26.6186061598508,5.16867749320014,"D"
"1568",25915,35.2011567726308,7.62988943396398,"D"
"1569",25916,26.5094267690018,5.14463527564299,"D"
"1570",25920,26.3797186944973,5.10725943797365,"D"
"1571",25921,26.3392973561714,5.10897021048265,"D"
"1572",25925,26.1603382669152,5.06151894194186,"D"
"1573",25926,26.0163351472033,5.05323173943446,"D"
"1574",25930,22.6692629411206,4.88627399739637,"D"
"1575",25931,23.1647355655219,4.88478445954316,"D"
"1576",25935,25.2768055305955,4.93113041819712,"D"
"1577",25936,25.14719668902,4.9414734929175,"D"
"1578",25940,26.3423706349356,5.03101729949695,"D"
"1579",25941,26.0650484821313,4.97872722449994,"D"
"1580",25946,26.328707834378,5.02918800960207,"D"
"1581",25947,25.9966756143775,4.96367869095265,"D"
"1582",25952,26.1588706923812,5.00547231692673,"D"
"1583",25953,25.8039168828567,4.95406854748702,"D"
"1584",25958,26.109801066664,4.99363804060622,"D"
"1585",25959,25.6858225093323,4.92920485601134,"D"
"1586",25966,25.9891882715401,4.97404825582915,"D"
"1587",25967,25.405331612628,4.9040714797808,"D"
"1588",25974,25.8266145597607,4.9528364719602,"D"
"1589",25975,25.3864223275103,4.90049939469353,"D"
"1590",25982,25.7053322000345,4.93636526117572,"D"
"1591",25983,25.3231398149003,4.89141747627048,"D"
"1592",25990,25.5823207584262,4.92088731488017,"D"
"1593",25991,25.165087191821,4.87403994807586,"D"
"1594",25998,25.5219135427071,4.91204843642296,"D"
"1595",25999,25.1142502661527,4.86587784466293,"D"
"1596",26005,25.5714683436918,4.91373002275016,"D"
"1597",26006,25.2230301173761,4.87166309201447,"D"
"1598",26012,25.6300491325564,4.91260812424811,"D"
"1599",26013,25.2505562135978,4.86297127673448,"D"
"1600",26019,25.5216265660391,4.89247239023079,"D"
"1601",26020,25.1326489911317,4.84158000998932,"D"
"1602",26026,25.256142533763,4.85794486268498,"D"
"1603",26027,24.6658554851716,4.78638292562397,"D"
"1604",26033,24.9072190659179,4.81290574742153,"D"
"1605",26034,24.9691992331289,4.80246800640777,"D"
"1606",26040,24.328042275779,4.74903069394023,"D"
"1607",26041,24.8632930976782,4.78466225972811,"D"
"1608",26047,24.4463868842714,4.75424373760218,"D"
"1609",26048,24.6898056238242,4.7678123129138,"D"
"1610",26054,24.4643884214282,4.75264039423126,"D"
"1611",26055,24.3020921772034,4.74220173367552,"D"
"1612",26061,24.4379980727194,4.75026811859968,"D"
"1613",26062,24.3880544961279,4.7451507381749,"D"
"1614",26068,24.4858381690617,4.75309733052389,"D"
"1615",26069,24.4436485576889,4.74627602626951,"D"
"1616",26075,24.5297085441245,4.7543513732835,"D"
"1617",26076,24.4586867984083,4.74427948110204,"D"
"1618",26081,24.5359532807849,4.75122814230167,"D"
"1619",26082,24.3931222616183,4.73718604420407,"D"
"1620",26085,24.3930997721695,4.7368935930329,"D"
"1621",26086,24.2662762303264,4.72864539041075,"D"
"1622",26089,24.3094540715756,4.73316414731689,"D"
"1623",26090,24.177954233839,4.72671115733132,"D"
"1624",26095,24.3725919835604,4.74398860559857,"D"
"1625",26096,24.1868381859279,4.73348614736192,"D"
"1626",26103,24.4867481815398,4.76158025587869,"D"
"1627",26104,24.2822728502302,4.7486582035422,"D"
"1628",26111,24.7099604754434,4.79523135748279,"D"
"1629",26112,24.4218575679408,4.76917616440201,"D"
"1630",26122,25.0084855555602,4.84669108673653,"D"
"1631",26123,24.591878724584,4.79634197996541,"D"
"1632",26136,23.7064051521743,4.71801562784038,"D"
"1633",26137,24.7922591865274,4.83086665775446,"D"
"1634",26151,23.9006691933618,4.73416478551931,"D"
"1635",26152,24.7722489275736,4.83457094941221,"D"
"1636",26166,25.3812814282613,4.94020876112544,"D"
"1637",26167,24.6752865391552,4.82578782105393,"D"
"1638",26182,25.1838446359747,4.90765293808125,"D"
"1639",26183,24.6621636499448,4.8285716541991,"D"
"1640",26200,24.5277539025311,4.79974261673984,"D"
"1641",26201,24.514484833766,4.81672945401936,"D"
"1642",26221,24.260757703948,4.77399496099703,"D"
"1643",26222,24.5980628695029,4.84417782152116,"D"
"1644",26245,24.5038872967392,4.82401812143649,"D"
"1645",26246,24.3257807157684,4.81232903140476,"D"
"1646",26269,26.0533468631994,5.16911845394139,"D"
"1647",26270,24.4253590688705,4.82699408056423,"D"
"1648",26281,26.0890581428118,5.18605826594041,"D"
"1649",26282,25.4333214735637,5.04837627858741,"D"
"1650",26291,25.169833165965,5.0045524154334,"D"
"1651",26292,25.7141522722568,5.1195290346773,"D"
"1652",26301,25.4198085280206,5.05720793824005,"D"
"1653",26302,26.0221013581113,5.1935618977676,"D"
"1654",26313,25.8907697761927,5.16505357623655,"D"
"1655",26314,26.3166388734363,5.26344159895341,"D"
"1656",26326,26.3258401344097,5.25912841977998,"D"
"1657",26327,26.4103000540706,5.29283628723199,"D"
"1658",26342,26.4699882128418,5.30590461465016,"D"
"1659",26343,26.4979989812434,5.31647622571418,"D"
"1660",26362,26.5084525862963,5.32490442185475,"D"
"1661",26363,26.5070366954342,5.32782558663641,"D"
"1662",26384,26.4632908134014,5.32112707047639,"D"
"1663",26385,26.5140487193287,5.33583844414268,"D"
"1664",26405,26.0558057085981,5.24615594588775,"D"
"1665",26406,26.4951663546314,5.33854240405986,"D"
"1666",26430,26.3714101356791,5.30026231452166,"D"
"1667",26431,26.5119457501772,5.329338471736,"D"
"1668",26459,26.3129752244687,5.29149475164888,"D"
"1669",26460,26.6324478432943,5.35045619588196,"D"
"1670",26488,26.4300961509709,5.31200192270895,"D"
"1671",26489,26.4841688763236,5.32295439459135,"D"
"1672",26513,26.3796048595809,5.30179556376852,"D"
"1673",26514,36.1269014622379,7.49044402159724,"D"
"1674",26531,26.6637376019184,5.36270689062128,"D"
"1675",26532,26.6402581725241,5.36173174275261,"D"
"1676",26546,26.7160763326655,5.38094135546116,"D"
"1677",26547,26.7345324642032,5.3875042068024,"D"
"1678",26562,26.6798184776445,5.37937266767299,"D"
"1679",26563,26.7216954322683,5.39273162774141,"D"
"1680",26569,26.6650074829774,5.37343765737403,"D"
"1681",26570,26.7051938656335,5.39346718226107,"D"
"1682",26573,26.6745091068052,5.36714795845255,"D"
"1683",26574,26.7002436134317,5.39536911545134,"D"
"1684",26577,26.7076874517305,5.37540493013419,"D"
"1685",26578,26.7350760823115,5.40534881814316,"D"
"1686",26581,26.7293338150007,5.38192777688397,"D"
"1687",26582,26.7549754691862,5.41273246910666,"D"
"1688",26585,26.714791929587,5.38335084453775,"D"
"1689",26586,26.7443087444079,5.41438312945597,"D"
"1690",26589,26.6642154928137,5.38697937009718,"D"
"1691",26590,26.7142432111485,5.415649986587,"D"
"1692",26593,26.6663369485675,5.39662761324886,"D"
"1693",26594,26.713075686368,5.42083684903858,"D"
"1694",26597,26.6736173928472,5.40533740601994,"D"
"1695",26598,26.7199472843806,5.42741559797962,"D"
"1696",26601,26.6769619197675,5.41323642264819,"D"
"1697",26602,26.725529385325,5.4347297494267,"D"
"1698",26605,26.6797501836589,5.42120622283816,"D"
"1699",26606,26.7331344454371,5.44262670970718,"D"
"1700",26609,26.6838833847008,5.42860050348026,"D"
"1701",26610,26.7446682831997,5.45228418817181,"D"
"1702",26613,26.6921368886458,5.44057593384833,"D"
"1703",26614,26.7530341233193,5.46324662774936,"D"
"1704",26617,26.7111686148052,5.45445057551304,"D"
"1705",26618,26.7700127570592,5.47568251257605,"D"
"1706",26621,26.731656863878,5.47001136140071,"D"
"1707",26622,26.7883960402586,5.48888704268934,"D"
"1708",26625,26.7512718686498,5.48702597140566,"D"
"1709",26626,26.8037683009747,5.50214611986995,"D"
"1710",26629,26.6928877702227,5.48543026892892,"D"
"1711",26630,26.7932436065552,5.50968120442163,"D"
"1712",26633,26.7763543725966,5.5067689996899,"D"
"1713",26634,26.8192270110649,5.52255479189499,"D"
"1714",26637,26.7942158534667,5.51629346215767,"D"
"1715",26638,26.8031902813409,5.52627698109379,"D"
"1716",26641,26.7962334066187,5.52173267125353,"D"
"1717",26642,26.7939932119063,5.52847769665844,"D"
"1718",26645,26.8274727073559,5.53174784633753,"D"
"1719",26646,26.7979065266598,5.53145169409062,"D"
"1720",26649,26.8289743900831,5.53589706893074,"D"
"1721",26650,26.8004206067499,5.53552466600645,"D"
"1722",26653,26.8442294948517,5.54187049716236,"D"
"1723",26654,26.8131592662627,5.54217962829811,"D"
"1724",26657,26.8587316594188,5.54853767575721,"D"
"1725",26658,26.8295270106936,5.5500588638551,"D"
"1726",26661,26.8712603411886,5.55698461412465,"D"
"1727",26662,26.8475483502131,5.55966127386852,"D"
"1728",26665,26.8885558572762,5.56705600668116,"D"
"1729",26666,26.8691039685934,5.57036863908334,"D"
"1730",26669,26.922585735048,5.5814161981382,"D"
"1731",26670,26.9033457923358,5.58763469911879,"D"
"1732",26673,26.9036704156213,5.58466352428974,"D"
"1733",26674,26.8993991338602,5.59524185842837,"D"
"1734",26677,26.9424643704832,5.60149236238855,"D"
"1735",26678,26.9100472539324,5.60305960404242,"D"
"1736",26681,26.9434172622846,5.60210557590289,"D"
"1737",26682,26.9356787662387,5.61613438881973,"D"
"1738",26685,26.9420980456815,5.60590760398635,"D"
"1739",26686,26.9439496463908,5.62262767311027,"D"
"1740",26689,26.9702288940198,5.61890958755001,"D"
"1741",26690,26.957849985157,5.63313266900475,"D"
"1742",26693,26.946686944525,5.62388101069197,"D"
"1743",26694,26.9602404085542,5.64295014338785,"D"
"1744",26697,26.8489147521765,5.61588385786663,"D"
"1745",26698,26.3616559004892,5.05989651441632,"D"
"1746",26701,26.9386997989881,5.64108226159551,"D"
"1747",26702,26.9974458245664,5.667751441769,"D"
"1748",26705,26.9896895434134,5.67153154709797,"D"
"1749",26706,27.0252709718945,5.68886592584161,"D"
"1750",26709,27.0070373526438,5.68215730171817,"D"
"1751",26710,27.0474627891308,5.69921167210852,"D"
"1752",26713,27.0152958169283,5.68987948186211,"D"
"1753",26714,27.0605852666317,5.70732393058344,"D"
"1754",26717,26.9737489833696,5.68641461311577,"D"
"1755",26718,27.0535855645008,5.71237631555574,"D"
"1756",26721,26.9545282859442,5.67685433647694,"D"
"1757",26722,27.0722305548091,5.72070538134522,"D"
"1758",26725,27.0156555444904,5.68908085481163,"D"
"1759",26726,27.0951085284493,5.730008873446,"D"
"1760",26729,27.0742775775818,5.70589990852119,"D"
"1761",26730,27.1070831876341,5.74092856242129,"D"
"1762",26733,27.1055320687749,5.73763587408075,"D"
"1763",26734,27.1086044465465,5.74527640159904,"D"
"1764",26737,27.1211287985051,5.74382250292609,"D"
"1765",26738,27.0977686657044,5.74518225419897,"D"
"1766",26741,27.0910065414375,5.74188282938808,"D"
"1767",26742,27.0843462171868,5.74477412249215,"D"
"1768",26745,27.1402773576095,5.7568467455539,"D"
"1769",26746,27.1258024421945,5.75860561818498,"D"
"1770",26749,27.1481892210327,5.76225037608304,"D"
"1771",26750,27.1399574560894,5.76956764493466,"D"
"1772",26753,27.143636595991,5.7690937929394,"D"
"1773",26754,27.1386376614061,5.77420566466807,"D"
"1774",26757,27.1822138825878,5.78536593578586,"D"
"1775",26758,27.1608716458527,5.78610682189582,"D"
"1776",26761,27.1970448526229,5.79632376086838,"D"
"1777",26762,27.1752735714977,5.79681154985105,"D"
"1778",26765,27.205679533313,5.80709050845513,"D"
"1779",26766,27.1908301632811,5.80876399700877,"D"
"1780",26769,27.2274122021397,5.82002059906853,"D"
"1781",26770,27.2143241498142,5.82177215429526,"D"
"1782",26773,27.2459350426563,5.83013840455933,"D"
"1783",26774,27.2306042302957,5.83130246706912,"D"
"1784",26777,27.2501175493734,5.8357716767345,"D"
"1785",26778,27.2264186528042,5.83500566418117,"D"
"1786",26781,27.2236673271887,5.83418352400257,"D"
"1787",26782,27.2088929561798,5.83387920755983,"D"
"1788",26785,27.2175410461681,5.83642261942092,"D"
"1789",26786,27.2038489439929,5.83639226970867,"D"
"1790",26789,27.2207559406809,5.84051575738017,"D"
"1791",26790,27.2050312195432,5.84018196173026,"D"
"1792",26794,27.230321575117,5.8464037789008,"D"
"1793",26795,27.2105858605,5.84493532724625,"D"
"1794",26802,27.2453321863118,5.85388805349233,"D"
"1795",26803,27.2163004346901,5.8496432727027,"D"
"1796",26813,27.2389664511213,5.85618999391472,"D"
"1797",26814,27.2024038111911,5.84984017704943,"D"
"1798",26827,27.2389389198564,5.85931663506803,"D"
"1799",26828,27.1905927534755,5.84986595644769,"D"
"1800",26847,27.2357133478937,5.86271702407745,"D"
"1801",26848,27.1583130956894,5.84630608162134,"D"
"1802",26872,27.2056433679281,5.85875031079094,"D"
"1803",26873,27.0973703740823,5.83606029495786,"D"
"1804",26893,27.1558682854418,5.850129146024,"D"
"1805",26894,27.0590489413308,5.83039941423998,"D"
"1806",26907,27.2565923673211,5.88084338958715,"D"
"1807",26908,27.0600463541251,5.83441048429577,"D"
"1808",26921,27.1085039805363,5.84963081248192,"D"
"1809",26922,27.0796042039984,5.84217377944933,"D"
"1810",26933,27.1682862813634,5.86530746080308,"D"
"1811",26934,27.1362885400646,5.85802994583151,"D"
"1812",26944,27.2741719003449,5.89365733034707,"D"
"1813",26945,27.2323888154182,5.88611360254032,"D"
"1814",26954,27.2720315407366,5.89509412424879,"D"
"1815",26955,27.2374223520868,5.88968728207463,"D"
"1816",26966,27.2044539231315,5.88088287875189,"D"
"1817",26967,27.2216126995798,5.88739698104131,"D"
"1818",26975,27.3004048569222,5.90531664359162,"D"
"1819",26976,27.2750321855749,5.90339920446565,"D"
"1820",26984,27.2831110872997,5.9079413638761,"D"
"1821",26985,27.2757027407049,5.91069399849252,"D"
"1822",26993,27.2755082189359,5.91127998444998,"D"
"1823",26994,27.2688855633096,5.91356991927322,"D"
"1824",27003,27.2897233345117,5.91752578722123,"D"
"1825",27004,27.2772641255947,5.91875037621122,"D"
"1826",27013,27.2952059137363,5.92208990620584,"D"
"1827",27014,27.2856698097422,5.9236713174361,"D"
"1828",27020,27.2959591393841,5.92568244549781,"D"
"1829",27021,27.2932326792238,5.92825886308853,"D"
"1830",27025,27.2972560675047,5.92824302054979,"D"
"1831",27026,27.3002691738982,5.93181417810951,"D"
"1832",27029,27.3002120508615,5.93100922589808,"D"
"1833",27030,27.308313690947,5.93547049217035,"D"
"1834",27032,27.3034022131248,5.93390866067104,"D"
"1835",27033,27.3171660898638,5.93929943124804,"D"
"1836",27035,27.3067046364593,5.93705145217028,"D"
"1837",27036,27.3251703994653,5.94298397696231,"D"
"1838",27038,27.3083108817181,5.93989951855826,"D"
"1839",27039,27.3295852967375,5.9460358485197,"D"
"1840",27041,27.30948589148,5.94257599238608,"D"
"1841",27042,27.3308027037315,5.94861496859971,"D"
"1842",27044,27.3089943801549,5.94531999354938,"D"
"1843",27045,27.3304907825528,5.95131667424427,"D"
"1844",27047,27.3095305481397,5.94816867240206,"D"
"1845",27048,27.3295876922567,5.95389642408366,"D"
"1846",27050,27.3123864604103,5.95097970354709,"D"
"1847",27051,27.3298918716947,5.95653653854492,"D"
"1848",27053,27.3172278676902,5.95365677726376,"D"
"1849",27054,27.3319770239826,5.95927441481442,"D"
"1850",27056,27.325407041793,5.95675422420749,"D"
"1851",27057,27.3362971252319,5.96217772178633,"D"
